7
7
7
11
11
12
13
13
13
15
17
18
18
19
21
23
23
25
25
26
30
31
33
36
37
38
40
41
44
45
45
46
48
49
49
50
53
53
55
60
60
60
61
66
66
67
69
70
70
74
75
77
81
82
82
83
84
89
91
92
93
95
95
97
99
99
103
104
104
105
106
107
110
110
111
112
113
114
116
116
121
124
140
144
145
148
149
154
154
163
164
169
169
171
175
178
180
183
189
195
204
205
205
205
208
208
211
217
220
223
227
229
233
233
237
240
244
250
251
261
266
268
270
271
281
283
284
285
286
286
289
289
290
290
290
291
291
291
292
293
293
294
294
294
295
295
295
295
295
296
298
299
300
300
300
301
301
302
303
305
306
306
307
307
307
307
309
309
311
311
311
312
313
313
314
315
315
316
316
317
317
318
318
320
321
323
324
325
325
327
327
329
329
329
330
330
331
332
332
332
334
335
335
336
336
336
336
337
338
341
344
345
345
345
346
346
346
349
349
349
349
351
351
351
352
352
353
354
355
355
360
360
361
362
362
362
363
363
364
364
365
366
368
369
370
371
372
372
374
376
376
376
376
377
377
377
378
380
385
387
392
392
393
394
394
395
396
396
396
397
398
399
400
401
402
404
404
405
406
406
407
407
408
408
408
412
413
413
417
418
420
423
425
426
426
427
428
430
430
430
431
431
432
437
439
441
442
442
448
448
448
448
449
450
450
450
452
453
453
454
455
456
460
460
461
464
466
468
468
469
472
472
473
474
475
475
476
477
481
483
484
485
486
487
488
488
488
489
492
493
494
495
495
496
496
497
497
498
499
499
500
502
503
503
504
504
507
508
510
512
513
515
516
517
517
519
520
520
522
524
524
526
528
530
530
531
533
534
538
540
540
541
541
541
542
544
545
546
547
548
548
548
549
549
550
551
551
557
559
559
560
562
563
563
564
568
568
569
569
570
571
571
572
573
573
576
577
579
579
579
581
584
584
590
594
594
595
596
596
597
599
600
600
601
603
603
604
605
606
608
609
616
616
616
616
617
618
621
622
623
623
623
623
623
624
627
629
630
631
632
633
637
638
638
638
639
641
641
646
646
647
647
648
649
650
651
653
655
656
657
663
664
665
666
668
668
668
673
673
674
674
677
677
678
678
679
680
682
682
682
683
690
691
695
696
697
698
699
700
702
702
705
710
710
712
712
715
719
722
722
727
727
727
728
729
730
730
731
731
731
732
732
734
734
737
737
738
742
742
742
742
744
748
748
750
751
753
754
754
756
758
760
762
763
768
769
769
770
772
772
772
773
774
776
777
779
779
779
779
781
783
783
786
787
789
790
790
792
797
799
799
799
803
806
809
810
814
820
820
822
822
823
823
823
824
825
827
827
828
828
829
830
831
831
831
831
833
837
841
841
843
843
844
844
851
852
852
853
854
854
854
855
856
857
857
857
857
862
863
863
865
865
866
868
868
871
874
875
876
876
879
881
881
883
884
886
886
888
891
893
894
894
895
897
898
901
902
902
905
907
910
913
914
914
916
918
920
920
922
926
928
929
930
931
934
934
939
941
941
941
942
943
947
948
949
949
950
950
955
955
955
957
959
959
959
960
961
962
963
965
967
967
968
968
968
969
969
972
972
975
978
978
978
979
980
980
982
982
983
983
983
986
987
988
988
988
989
990
990
990
990
991
993
993
994
997
997
997
998
999
999
1003
1003
1006
1007
1009
1010
1010
1010
1011
1011
1014
1016
1016
1017
1018
1019
1019
1023
1024
1024
1027
1028
1028
1029
1031
1032
1032
1032
1032
1033
1033
1033
1034
1034
1035
1036
1036
1038
1039
1040
1041
1041
1042
1043
1043
1044
1045
1045
1046
1046
1047
1047
1050
1051
1051
1054
1056
1057
1058
1058
1058
1060
1060
1061
1061
1062
1062
1062
1063
1063
1064
1065
1066
1067
1067
1068
1068
1068
1070
1070
1070
1071
1072
1072
1075
1078
1078
1079
1080
1081
1081
1082
1083
1085
1085
1087
1088
1090
1091
1091
1091
1092
1095
1095
1095
1096
1096
1096
1096
1097
1098
1098
1099
1100
1101
1102
1102
1105
1106
1107
1108
1109
1111
1113
1113
1114
1114
1115
1115
1117
1117
1118
1120
1122
1125
1126
1127
1129
1129
1129
1129
1130
1130
1131
1132
1132
1134
1134
1135
1135
1136
1138
1138
1138
1138
1139
1139
1139
1140
1140
1143
1145
1146
1147
1147
1147
1147
1147
1148
1148
1149
1152
1153
1154
1157
1157
1158
1159
1161
1161
1161
1162
1162
1164
1165
1166
1167
1167
1168
1168
1169
1170
1171
1171
1172
1173
1176
1177
1177
1178
1178
1179
1180
1180
1182
1183
1184
1185
1186
1189
1190
1192
1192
1192
1193
1193
1195
1195
1195
1195
1197
1197
1198
1198
1200
1201
1202
1203
1204
1205
1206
1207
1207
1208
1210
1211
1211
1212
1213
1214
1214
1215
1216
1217
1218
1220
1221
1225
1226
1227
1227
1228
1230
1231
1233
1234
1235
1236
1238
1239
1239
1243
1243
1245
1246
1250
1252
1252
1253
1254
1255
1256
1257
1258
1258
1259
1259
1260
1261
1261
1261
1264
1264
1264
1266
1267
1267
1273
1274
1275
1276
1276
1276
1276
1277
1278
1279
1281
1282
1282
1283
1283
1284
1284
1285
1285
1285
1285
1286
1287
1288
1289
1293
1293
1294
1295
1295
1296
1297
1297
1299
1299
1300
1300
1301
1305
1305
1305
1306
1307
1310
1312
1313
1313
1315
1317
1319
1320
1320
1320
1323
1327
1327
1328
1329
1331
1332
1334
1336
1336
1338
1340
1340
1340
1341
1341
1343
1346
1347
1348
1349
1349
1350
1350
1350
1351
1352
1352
1356
1357
1358
1360
1362
1364
1365
1366
1368
1369
1371
1372
1373
1373
1374
1375
1375
1375
1375
1375
1377
1379
1379
1379
1380
1381
1381
1383
1384
1386
1386
1386
1388
1388
1389
1390
1390
1391
1391
1393
1393
1396
1396
1397
1397
1398
1402
1403
1403
1406
1408
1410
1412
1413
1414
1415
1417
1419
1419
1420
1424
1424
1428
1429
1430
1430
1432
1433
1433
1440
1442
1447
1448
1448
1451
1456
1457
1459
1462
1462
1462
1464
1464
1466
1466
1466
1467
1468
1468
1470
1471
1471
1472
1474
1476
1477
1478
1480
1480
1481
1483
1486
1489
1491
1494
1496
1498
1499
1499
1499
1499
1500
1501
1501
1502
1504
1504
1504
1505
1508
1509
1512
1513
1513
1514
1514
1515
1515
1516
1516
1517
1519
1519
1520
1521
1522
1523
1524
1526
1528
1528
1528
1531
1532
1539
1539
1539
1540
1545
1547
1550
1551
1551
1556
1556
1556
1557
1558
1559
1561
1562
1562
1564
1564
1566
1568
1568
1569
1572
1574
1575
1575
1577
1578
1578
1579
1582
1584
1586
1587
1589
1591
1593
1593
1597
1597
1600
1602
1604
1604
1605
1606
1608
1609
1611
1611
1612
1612
1613
1614
1614
1614
1614
1615
1616
1617
1620
1622
1623
1623
1625
1625
1626
1627
1629
1631
1632
1634
1634
1637
1637
1639
1639
1639
1640
1640
1640
1642
1643
1644
1644
1645
1648
1649
1649
1652
1652
1653
1658
1661
1661
1662
1662
1665
1666
1666
1667
1667
1668
1669
1671
1671
1671
1675
1675
1677
1678
1678
1680
1680
1681
1684
1684
1685
1685
1685
1685
1686
1688
1688
1689
1690
1690
1691
1693
1694
1696
1699
1699
1701
1702
1703
1706
1706
1708
1708
1709
1710
1713
1716
1716
1718
1720
1720
1722
1724
1726
1727
1728
1728
1728
1733
1734
1736
1736
1737
1738
1739
1740
1740
1742
1742
1742
1742
1743
1743
1743
1744
1745
1746
1746
1751
1751
1752
1752
1753
1755
1756
1757
1760
1761
1762
1763
1763
1765
1767
1770
1772
1773
1774
1774
1775
1779
1780
1782
1785
1788
1790
1792
1793
1793
1793
1796
1801
1802
1802
1803
1803
1803
1803
1807
1807
1807
1809
1811
1811
1812
1814
1815
1816
1816
1817
1818
1822
1823
1824
1826
1827
1829
1829
1830
1830
1831
1833
1833
1833
1835
1837
1838
1840
1842
1842
1843
1844
1844
1845
1846
1850
1851
1853
1853
1854
1856
1856
1856
1857
1859
1859
1859
1860
1861
1862
1864
1868
1870
1871
1874
1875
1876
1877
1879
1879
1885
1886
1886
1888
1891
1891
1892
1893
1896
1897
1897
1897
1897
1898
1898
1899
1900
1900
1901
1901
1903
1905
1906
1907
1908
1908
1908
1908
1908
1909
1910
1911
1912
1913
1916
1916
1917
1917
1918
1920
1920
1921
1923
1925
1925
1925
1927
1928
1929
1932
1932
1933
1934
1934
1935
1936
1937
1937
1938
1939
1939
1940
1940
1940
1940
1941
1942
1944
1945
1946
1946
1947
1949
1950
1950
1951
1951
1952
1952
1953
1954
1956
1959
1960
1963
1964
1965
1966
1967
1968
1970
1972
1972
1974
1975
1975
1977
1978
1979
1979
1980
1980
1980
1982
1985
1986
1986
1986
1987
1987
1987
1987
1989
1990
1993
1993
1994
1996
1996
1997
1997
1998
2000
2000
2001
2003
2004
2004
2005
2005
2007
2007
2007
2008
2008
2008
2009
2009
2010
2011
2011
2014
2014
2015
2015
2017
2018
2018
2021
2022
2023
2023
2024
2025
2027
2027
2028
2028
2030
2031
2032
2033
2033
2035
2035
2035
2035
2036
2036
2040
2042
2045
2045
2046
2046
2046
2047
2048
2048
2049
2052
2052
2054
2055
2058
2058
2058
2059
2059
2059
2060
2060
2062
2064
2066
2068
2069
2072
2072
2075
2076
2077
2077
2080
2080
2080
2082
2082
2084
2084
2085
2085
2087
2087
2088
2089
2089
2089
2091
2091
2095
2095
2095
2096
2097
2097
2098
2099
2101
2101
2102
2103
2104
2105
2107
2107
2109
2113
2113
2113
2114
2114
2114
2114
2115
2119
2120
2120
2120
2120
2121
2122
2123
2123
2124
2127
2128
2129
2129
2131
2133
2133
2135
2136
2136
2137
2137
2139
2140
2142
2143
2144
2144
2145
2145
2145
2146
2148
2149
2149
2151
2155
2155
2155
2157
2157
2157
2158
2159
2160
2160
2162
2162
2162
2166
2167
2167
2171
2171
2172
2172
2172
2174
2174
2175
2175
2176
2178
2178
2181
2181
2182
2186
2186
2188
2189
2190
2190
2193
2194
2194
2195
2195
2197
2199
2200
2202
2204
2206
2206
2207
2211
2211
2212
2213
2213
2213
2214
2219
2220
2221
2222
2223
2224
2227
2228
2229
2229
2230
2230
2230
2231
2232
2232
2233
2236
2236
2237
2238
2239
2241
2244
2248
2248
2249
2251
2251
2253
2254
2256
2257
2258
2259
2261
2265
2267
2267
2269
2270
2271
2271
2272
2272
2272
2273
2273
2273
2274
2275
2279
2280
2281
2284
2285
2286
2292
2293
2294
2295
2296
2297
2298
2298
2299
2301
2302
2302
2303
2303
2303
2305
2307
2307
2309
2310
2310
2312
2315
2320
2320
2322
2323
2324
2325
2327
2328
2329
2329
2332
2332
2333
2339
2341
2343
2343
2344
2344
2345
2347
2349
2349
2350
2351
2351
2353
2354
2354
2357
2358
2361
2362
2362
2362
2365
2365
2370
2370
2371
2371
2372
2373
2373
2376
2377
2377
2377
2377
2379
2382
2383
2384
2385
2385
2388
2388
2388
2391
2392
2392
2392
2393
2394
2395
2397
2399
2400
2400
2403
2405
2405
2406
2407
2408
2408
2409
2409
2413
2415
2418
2418
2419
2423
2424
2424
2428
2431
2431
2432
2432
2432
2433
2434
2434
2434
2434
2435
2435
2436
2437
2438
2439
2441
2444
2448
2449
2451
2455
2456
2456
2456
2459
2461
2462
2463
2464
2465
2465
2468
2469
2470
2471
2471
2471
2473
2473
2475
2475
2475
2475
2476
2476
2477
2477
2481
2481
2482
2482
2484
2484
2485
2486
2489
2492
2495
2501
2502
2503
2504
2504
2506
2506
2508
2509
2509
2510
2510
2511
2511
2512
2512
2512
2514
2514
2515
2516
2517
2518
2518
2519
2520
2520
2523
2523
2525
2526
2526
2527
2528
2528
2529
2531
2532
2532
2535
2535
2539
2539
2542
2544
2545
2545
2547
2548
2551
2551
2552
2553
2553
2554
2554
2555
2560
2564
2565
2565
2569
2569
2570
2579
2581
2581
2581
2582
2582
2583
2583
2585
2585
2587
2587
2588
2588
2590
2591
2592
2592
2593
2594
2597
2598
2601
2604
2606
2607
2607
2608
2610
2610
2616
2618
2618
2619
2620
2621
2624
2626
2628
2628
2629
2630
2630
2635
2635
2636
2637
2637
2643
2646
2649
2651
2651
2654
2654
2655
2656
2656
2659
2660
2660
2660
2661
2662
2663
2663
2664
2673
2673
2674
2675
2678
2678
2678
2682
2682
2684
2685
2687
2689
2691
2691
2692
2692
2694
2698
2698
2700
2700
2702
2702
2703
2703
2706
2706
2707
2709
2709
2709
2710
2710
2710
2710
2711
2711
2712
2713
2714
2714
2716
2718
2718
2720
2721
2722
2725
2725
2727
2728
2728
2730
2730
2731
2731
2731
2732
2733
2736
2736
2738
2738
2738
2738
2739
2741
2743
2743
2743
2745
2747
2747
2751
2752
2759
2761
2766
2767
2768
2769
2769
2770
2770
2770
2771
2776
2777
2779
2779
2779
2781
2782
2785
2785
2787
2787
2795
2796
2796
2799
2799
2802
2811
2816
2817
2819
2827
2827
2829
2830
2831
2834
2835
2835
2835
2837
2837
2840
2843
2843
2845
2845
2847
2848
2850
2852
2854
2855
2856
2857
2857
2861
2861
2863
2863
2865
2866
2870
2870
2871
2872
2873
2875
2875
2876
2878
2878
2880
2881
2881
2882
2884
2884
2884
2886
2886
2886
2887
2888
2888
2888
2891
2892
2893
2896
2897
2898
2898
2901
2901
2901
2901
2906
2907
2911
2912
2913
2914
2916
2919
2920
2920
2920
2921
2922
2922
2925
2925
2930
2933
2933
2933
2935
2935
2936
2937
2940
2942
2945
2946
2946
2947
2948
2948
2950
2952
2953
2956
2962
2962
2964
2965
2966
2966
2968
2970
2972
2972
2973
2977
2979
2982
2982
2985
2986
2986
2988
2990
2991
2991
2994
2995
2998
3001
3002
3010
3014
3014
3014
3015
3016
3016
3017
3018
3019
3020
3022
3024
3025
3026
3027
3027
3029
3030
3030
3030
3032
3033
3034
3040
3040
3043
3044
3046
3047
3047
3049
3049
3051
3051
3053
3053
3054
3055
3056
3059
3063
3064
3065
3065
3067
3069
3071
3072
3074
3075
3075
3077
3078
3079
3080
3081
3081
3081
3082
3082
3083
3084
3085
3086
3089
3089
3092
3095
3096
3097
3098
3099
3100
3106
3109
3112
3113
3115
3115
3119
3120
3120
3120
3124
3124
3128
3130
3131
3131
3132
3135
3139
3140
3142
3142
3145
3150
3151
3153
3153
3154
3155
3160
3165
3168
3169
3170
3172
3174
3175
3177
3177
3183
3186
3186
3187
3190
3192
3193
3195
3196
3198
3198
3198
3202
3202
3207
3208
3209
3210
3211
3211
3214
3214
3216
3217
3220
3221
3222
3223
3224
3225
3228
3228
3235
3235
3237
3237
3242
3250
3250
3252
3252
3261
3268
3269
3269
3271
3277
3277
3278
3282
3284
3291
3292
3292
3299
3301
3305
3305
3307
3308
3308
3309
3310
3312
3316
3320
3320
3324
3326
3331
3332
3333
3333
3333
3334
3336
3338
3339
3340
3342
3345
3348
3349
3349
3350
3350
3352
3353
3353
3355
3356
3358
3358
3359
3360
3361
3362
3365
3365
3367
3368
3368
3370
3373
3373
3376
3378
3386
3388
3389
3390
3393
3393
3394
3395
3395
3398
3404
3409
3410
3415
3417
3417
3418
3419
3419
3424
3427
3429
3431
3432
3438
3438
3441
3441
3447
3447
3452
3457
3457
3458
3461
3462
3463
3463
3464
3465
3466
3469
3471
3471
3472
3472
3474
3475
3483
3484
3485
3488
3489
3490
3491
3497
3500
3504
3504
3505
3505
3506
3512
3513
3514
3515
3516
3518
3518
3519
3520
3521
3523
3525
3527
3531
3534
3534
3535
3535
3537
3537
3538
3540
3540
3543
3543
3547
3548
3548
3548
3549
3553
3556
3557
3557
3558
3559
3559
3559
3561
3564
3565
3570
3570
3570
3571
3573
3577
3580
3581
3582
3583
3585
3587
3589
3590
3590
3599
3600
3602
3603
3603
3605
3608
3610
3612
3613
3613
3614
3614
3616
3617
3619
3619
3621
3621
3622
3622
3622
3624
3626
3626
3627
3628
3631
3634
3634
3634
3639
3640
3640
3640
3641
3648
3650
3651
3654
3655
3655
3658
3659
3663
3663
3666
3666
3667
3668
3674
3674
3677
3677
3678
3679
3679
3688
3689
3695
3695
3697
3700
3700
3704
3707
3707
3709
3710
3713
3718
3724
3730
3732
3732
3734
3734
3735
3736
3743
3744
3745
3746
3747
3747
3747
3747
3749
3749
3750
3753
3755
3756
3756
3756
3756
3758
3760
3762
3763
3764
3764
3764
3767
3768
3772
3773
3777
3777
3778
3779
3780
3781
3782
3785
3787
3789
3789
3790
3791
3791
3795
3796
3796
3797
3799
3800
3805
3808
3808
3811
3812
3819
3823
3825
3827
3827
3828
3831
3836
3841
3841
3841
3843
3847
3850
3851
3851
3852
3854
3855
3856
3856
3857
3858
3862
3864
3865
3868
3871
3871
3881
3882
3886
3887
3889
3891
3893
3897
3900
3901
3902
3902
3903
3905
3905
3906
3907
3908
3908
3908
3912
3913
3914
3915
3916
3918
3918
3920
3921
3923
3923
3925
3928
3928
3930
3931
3934
3936
3936
3940
3940
3942
3942
3942
3944
3945
3946
3949
3954
3957
3957
3959
3961
3965
3966
3968
3980
3980
3981
3981
3981
3983
3984
3985
3985
3986
3987
3991
3992
3993
3994
3996
3999
4001
4001
4005
4006
4009
4010
4010
4012
4013
4013
4014
4014
4015
4015
4019
4020
4022
4023
4026
4027
4028
4030
4032
4036
4038
4041
4041
4042
4045
4047
4048
4052
4055
4055
4056
4060
4061
4063
4064
4066
4067
4071
4071
4074
4078
4080
4084
4084
4088
4088
4088
4089
4089
4090
4092
4093
4094
4097
4103
4104
4104
4105
4108
4109
4109
4110
4114
4116
4118
4119
4129
4131
4134
4134
4134
4135
4135
4136
4137
4137
4139
4142
4144
4150
4150
4151
4154
4156
4160
4163
4163
4165
4165
4172
4173
4174
4176
4177
4177
4179
4180
4180
4180
4181
4182
4183
4184
4184
4185
4192
4198
4199
4200
4202
4202
4203
4204
4205
4207
4207
4208
4208
4211
4214
4214
4215
4219
4220
4220
4221
4225
4225
4227
4229
4229
4232
4233
4235
4236
4240
4246
4247
4249
4255
4255
4256
4260
4260
4261
4261
4262
4262
4266
4266
4275
4275
4275
4279
4281
4281
4282
4282
4283
4284
4289
4293
4296
4298
4302
4304
4305
4308
4313
4314
4319
4319
4322
4323
4324
4332
4333
4338
4339
4340
4340
4342
4345
4350
4351
4353
4353
4353
4353
4355
4355
4360
4361
4361
4362
4369
4371
4376
4377
4384
4386
4387
4387
4390
4390
4390
4394
4395
4396
4396
4397
4399
4402
4402
4403
4406
4406
4407
4410
4411
4413
4416
4416
4416
4418
4424
4427
4430
4430
4434
4435
4439
4445
4446
4446
4447
4447
4448
4450
4451
4451
4459
4464
4466
4468
4469
4470
4471
4472
4472
4477
4478
4478
4480
4480
4480
4481
4481
4484
4489
4491
4491
4491
4499
4499
4500
4505
4505
4508
4508
4509
4512
4514
4514
4514
4514
4518
4519
4520
4522
4524
4527
4531
4532
4533
4536
4538
4540
4548
4549
4550
4551
4556
4556
4558
4561
4561
4561
4562
4565
4567
4571
4575
4577
4581
4582
4582
4584
4588
4588
4595
4596
4596
4596
4598
4599
4600
4600
4602
4605
4606
4606
4609
4610
4611
4614
4615
4618
4620
4623
4624
4627
4627
4627
4628
4628
4628
4631
4631
4638
4645
4647
4648
4654
4657
4657
4658
4659
4661
4664
4666
4671
4672
4672
4676
4682
4684
4684
4684
4685
4687
4689
4691
4696
4699
4699
4701
4702
4706
4707
4708
4708
4708
4711
4711
4715
4715
4717
4723
4727
4732
4734
4735
4737
4738
4739
4740
4742
4746
4747
4747
4751
4752
4752
4753
4755
4756
4761
4762
4764
4764
4766
4766
4767
4767
4767
4768
4768
4773
4774
4775
4775
4779
4780
4782
4784
4786
4787
4787
4790
4792
4794
4794
4805
4806
4811
4811
4812
4814
4816
4816
4817
4820
4821
4822
4823
4829
4829
4833
4834
4835
4837
4838
4839
4840
4842
4843
4847
4848
4849
4849
4849
4850
4856
4858
4861
4862
4864
4864
4865
4865
4865
4868
4868
4869
4869
4870
4875
4877
4877
4879
4880
4881
4884
4891
4892
4896
4897
4899
4902
4902
4903
4906
4906
4909
4910
4911
4912
4913
4913
4917
4917
4918
4919
4920
4921
4921
4922
4922
4923
4923
4924
4926
4926
4928
4934
4935
4936
4937
4939
4939
4940
4945
4945
4946
4949
4950
4951
4951
4951
4953
4959
4959
4961
4969
4972
4972
4972
4972
4973
4973
4978
4978
4978
4987
4987
4989
4991
4994
4995
4997
5003
5005
5005
5006
5013
5019
5021
5022
5023
5026
5026
5029
5029
5031
5032
5032
5037
5038
5039
5041
5042
5043
5044
5048
5050
5051
5057
5061
5062
5063
5064
5065
5066
5067
5070
5070
5071
5072
5074
5076
5076
5080
5081
5082
5088
5088
5089
5091
5092
5092
5096
5098
5101
5102
5102
5103
5113
5114
5114
5115
5117
5119
5129
5129
5130
5131
5133
5133
5134
5135
5135
5137
5138
5139
5139
5142
5142
5146
5146
5147
5147
5152
5154
5157
5157
5159
5160
5161
5162
5163
5164
5167
5168
5168
5168
5169
5175
5179
5179
5183
5184
5185
5185
5208
5209
5210
5210
5210
5215
5215
5216
5220
5221
5222
5223
5223
5225
5225
5227
5228
5229
5232
5233
5234
5234
5234
5236
5236
5237
5241
5242
5243
5244
5245
5246
5247
5248
5250
5252
5255
5257
5257
5257
5265
5272
5272
5276
5279
5283
5286
5286
5287
5288
5291
5294
5302
5308
5312
5314
5314
5321
5322
5323
5327
5329
5334
5340
5340
5340
5342
5342
5344
5345
5346
5346
5347
5348
5348
5349
5350
5351
5367
5369
5374
5374
5375
5376
5376
5377
5377
5380
5384
5385
5385
5386
5389
5390
5390
5393
5398
5403
5404
5406
5408
5410
5411
5421
5423
5426
5428
5438
5452
5453
5453
5456
5457
5458
5462
5464
5466
5467
5467
5467
5468
5471
5473
5477
5477
5479
5480
5484
5488
5494
5494
5497
5499
5501
5504
5509
5515
5516
5519
5523
5526
5527
5534
5534
5538
5538
5538
5541
5541
5543
5552
5560
5561
5561
5562
5563
5565
5565
5566
5574
5576
5576
5580
5585
5586
5596
5596
5600
5600
5602
5602
5607
5608
5609
5612
5612
5612
5618
5620
5621
5622
5627
5627
5629
5630
5630
5634
5637
5640
5642
5642
5644
5645
5648
5649
5651
5653
5653
5655
5656
5658
5661
5661
5666
5666
5666
5668
5670
5672
5675
5675
5676
5678
5679
5680
5680
5683
5684
5684
5695
5705
5706
5706
5708
5714
5718
5718
5721
5724
5727
5727
5727
5727
5728
5734
5737
5738
5740
5748
5750
5758
5760
5768
5769
5775
5777
5783
5787
5787
5789
5790
5792
5799
5801
5802
5802
5810
5810
5811
5811
5811
5812
5813
5814
5815
5818
5819
5820
5824
5829
5838
5839
5840
5841
5843
5849
5851
5851
5852
5854
5855
5855
5856
5858
5858
5858
5859
5863
5864
5865
5865
5869
5869
5874
5874
5874
5884
5887
5888
5889
5894
5900
5901
5902
5906
5910
5911
5911
5913
5916
5917
5918
5918
5922
5928
5931
5933
5937
5940
5942
5949
5956
5960
5961
5962
5962
5965
5976
5977
5978
5983
5984
5984
5985
5987
5988
5992
5995
6001
6001
6002
6003
6006
6014
6019
6026
6027
6028
6030
6033
6033
6040
6045
6052
6053
6055
6059
6060
6061
6061
6062
6074
6076
6079
6082
6083
6084
6084
6084
6085
6086
6086
6088
6089
6091
6099
6101
6105
6105
6106
6108
6108
6110
6111
6114
6117
6120
6122
6124
6124
6126
6127
6127
6128
6135
6137
6138
6138
6141
6142
6143
6145
6149
6149
6150
6153
6153
6160
6160
6164
6166
6168
6171
6173
6189
6190
6192
6192
6196
6200
6209
6210
6210
6213
6217
6218
6220
6221
6222
6224
6225
6237
6239
6243
6244
6256
6257
6258
6259
6263
6267
6272
6275
6278
6279
6280
6282
6282
6288
6291
6292
6292
6295
6297
6301
6303
6304
6306
6307
6309
6312
6314
6315
6317
6320
6325
6330
6333
6334
6337
6352
6353
6355
6357
6358
6363
6365
6366
6366
6367
6367
6387
6390
6391
6391
6395
6396
6396
6397
6397
6398
6400
6404
6407
6407
6414
6414
6415
6416
6416
6422
6422
6422
6426
6429
6430
6431
6431
6434
6439
6439
6441
6441
6441
6444
6448
6448
6453
6455
6457
6459
6461
6463
6464
6466
6466
6469
6472
6479
6480
6481
6481
6482
6484
6485
6491
6494
6495
6500
6504
6513
6513
6514
6516
6516
6517
6520
6520
6520
6522
6525
6526
6527
6535
6540
6545
6546
6551
6551
6551
6551
6554
6557
6557
6560
6560
6567
6567
6570
6571
6573
6573
6583
6585
6587
6587
6588
6589
6593
6594
6594
6595
6597
6597
6604
6606
6609
6613
6614
6615
6617
6620
6621
6625
6626
6626
6629
6635
6643
6644
6645
6646
6647
6653
6656
6657
6657
6657
6658
6659
6661
6661
6662
6665
6667
6668
6668
6670
6670
6670
6680
6685
6689
6690
6694
6702
6704
6708
6715
6717
6717
6718
6719
6721
6723
6724
6726
6729
6739
6743
6743
6747
6750
6755
6760
6764
6766
6771
6772
6778
6778
6782
6783
6785
6793
6799
6804
6806
6806
6810
6814
6815
6815
6815
6816
6818
6821
6821
6827
6829
6841
6841
6851
6851
6853
6854
6858
6859
6861
6864
6866
6868
6871
6875
6879
6879
6881
6884
6884
6891
6896
6899
6899
6901
6902
6903
6903
6908
6911
6912
6915
6918
6918
6923
6924
6924
6926
6932
6940
6947
6947
6950
6953
6955
6959
6962
6963
6965
6970
6971
6972
6972
6974
6977
6979
6981
6987
6991
7002
7014
7014
7015
7015
7019
7019
7020
7021
7022
7025
7025
7029
7029
7031
7031
7031
7035
7043
7045
7046
7047
7055
7056
7058
7060
7061
7062
7062
7062
7069
7076
7078
7081
7081
7082
7082
7084
7086
7087
7088
7089
7091
7092
7093
7094
7098
7098
7100
7100
7107
7112
7114
7114
7117
7121
7123
7125
7127
7140
7141
7141
7144
7145
7145
7147
7147
7148
7150
7152
7153
7155
7158
7158
7163
7167
7170
7173
7179
7179
7184
7186
7186
7189
7190
7193
7206
7207
7211
7211
7222
7228
7229
7231
7236
7238
7239
7242
7244
7245
7247
7248
7250
7250
7250
7252
7253
7255
7255
7264
7264
7275
7279
7291
7295
7298
7299
7299
7300
7301
7302
7303
7307
7309
7312
7317
7318
7326
7327
7327
7334
7339
7340
7346
7346
7349
7351
7354
7356
7358
7360
7365
7366
7368
7371
7374
7376
7376
7377
7380
7390
7392
7396
7398
7398
7406
7408
7408
7408
7413
7413
7414
7415
7415
7421
7431
7442
7447
7452
7453
7455
7456
7458
7461
7462
7463
7464
7464
7465
7472
7474
7474
7476
7480
7481
7481
7489
7491
7492
7499
7500
7501
7502
7507
7509
7511
7513
7516
7517
7519
7521
7521
7527
7527
7529
7533
7534
7541
7542
7549
7550
7553
7559
7560
7567
7572
7573
7574
7576
7583
7586
7588
7592
7592
7592
7603
7615
7616
7619
7620
7622
7623
7625
7625
7628
7633
7634
7636
7637
7640
7641
7644
7652
7653
7653
7661
7661
7662
7662
7667
7668
7672
7673
7675
7677
7683
7688
7698
7700
7702
7704
7706
7709
7710
7712
7717
7725
7726
7727
7729
7729
7729
7733
7733
7737
7738
7740
7742
7747
7748
7750
7750
7756
7758
7759
7760
7762
7772
7776
7779
7781
7781
7783
7783
7793
7795
7803
7807
7808
7809
7810
7813
7817
7823
7823
7836
7841
7860
7862
7865
7866
7869
7872
7887
7889
7889
7890
7894
7895
7897
7897
7923
7923
7923
7926
7928
7930
7931
7939
7941
7943
7952
7955
7955
7958
7959
7962
7962
7963
7964
7964
7964
7967
7968
7970
7972
7975
7977
7981
7981
7982
7983
8011
8014
8014
8016
8017
8018
8019
8020
8024
8024
8026
8028
8029
8031
8032
8035
8038
8038
8041
8042
8044
8045
8049
8050
8051
8053
8056
8060
8063
8063
8064
8066
8067
8067
8069
8070
8073
8081
8082
8084
8085
8086
8088
8088
8090
8091
8092
8093
8095
8100
8103
8104
8108
8110
8114
8121
8129
8135
8136
8138
8140
8145
8151
8152
8158
8163
8163
8169
8169
8173
8175
8179
8179
8179
8181
8182
8184
8190
8194
8197
8202
8203
8203
8204
8204
8205
8210
8218
8225
8231
8232
8232
8237
8237
8238
8238
8242
8244
8245
8247
8249
8260
8261
8266
8270
8274
8276
8279
8280
8282
8283
8290
8292
8292
8300
8303
8308
8311
8312
8313
8313
8317
8320
8325
8326
8327
8340
8344
8349
8353
8354
8355
8355
8355
8357
8358
8361
8362
8368
8373
8374
8374
8376
8379
8381
8390
8393
8393
8396
8402
8403
8404
8406
8412
8413
8418
8418
8427
8431
8434
8435
8435
8442
8447
8457
8459
8461
8468
8476
8476
8478
8495
8498
8500
8502
8507
8509
8510
8511
8513
8517
8525
8526
8530
8536
8547
8547
8548
8551
8554
8555
8556
8561
8569
8569
8572
8573
8576
8585
8588
8589
8603
8603
8603
8612
8612
8613
8613
8614
8614
8615
8618
8623
8624
8625
8640
8645
8652
8652
8655
8655
8656
8661
8661
8667
8667
8667
8668
8669
8671
8699
8701
8707
8715
8720
8722
8722
8723
8724
8728
8729
8731
8735
8736
8737
8740
8741
8744
8748
8750
8751
8752
8752
8755
8762
8763
8765
8770
8770
8772
8775
8780
8780
8780
8781
8786
8789
8790
8796
8798
8801
8808
8812
8815
8817
8818
8818
8820
8822
8824
8826
8828
8828
8833
8834
8839
8842
8842
8842
8846
8855
8858
8859
8859
8862
8864
8867
8867
8869
8874
8879
8879
8881
8882
8884
8887
8888
8889
8894
8896
8896
8905
8915
8917
8920
8921
8921
8925
8927
8932
8934
8935
8937
8939
8942
8950
8951
8951
8951
8952
8954
8955
8957
8960
8965
8965
8968
8968
8984
8986
8993
8994
8996
8996
8998
9000
9002
9002
9002
9006
9007
9007
9012
9013
9016
9016
9020
9020
9020
9022
9023
9026
9028
9030
9030
9034
9041
9042
9042
9048
9050
9052
9055
9056
9058
9060
9060
9063
9065
9070
9071
9072
9075
9076
9079
9080
9083
9084
9086
9089
9090
9092
9094
9098
9098
9099
9102
9102
9106
9106
9107
9125
9128
9128
9128
9132
9134
9135
9137
9138
9142
9144
9146
9147
9149
9150
9152
9159
9159
9160
9161
9170
9173
9177
9178
9180
9180
9182
9183
9189
9190
9198
9198
9201
9205
9207
9212
9215
9224
9225
9236
9237
9240
9241
9245
9247
9247
9249
9250
9250
9252
9254
9259
9265
9266
9266
9270
9271
9272
9276
9277
9281
9282
9286
9287
9300
9302
9302
9304
9310
9310
9311
9311
9313
9314
9315
9324
9324
9326
9326
9327
9328
9330
9332
9332
9334
9336
9338
9340
9341
9342
9344
9346
9349
9350
9351
9352
9353
9353
9354
9359
9362
9362
9363
9364
9370
9372
9375
9379
9379
9382
9382
9384
9387
9395
9396
9399
9399
9400
9405
9409
9409
9410
9410
9411
9411
9414
9416
9420
9424
9427
9430
9435
9436
9436
9452
9458
9460
9462
9466
9467
9468
9472
9475
9477
9481
9483
9483
9484
9484
9496
9497
9501
9502
9503
9503
9504
9509
9510
9514
9514
9515
9515
9519
9520
9522
9522
9522
9524
9529
9530
9539
9539
9540
9540
9545
9548
9550
9551
9556
9558
9560
9562
9565
9569
9574
9574
9574
9575
9577
9580
9580
9588
9592
9592
9594
9596
9601
9603
9605
9605
9606
9606
9607
9607
9614
9616
9618
9619
9627
9628
9628
9636
9637
9640
9641
9643
9645
9649
9650
9652
9652
9653
9658
9659
9660
9662
9665
9666
9667
9670
9677
9678
9681
9683
9686
9686
9687
9691
9692
9694
9697
9699
9700
9703
9703
9704
9706
9707
9708
9708
9709
9710
9710
9712
9713
9714
9718
9720
9720
9721
9721
9723
9731
9733
9735
9737
9741
9743
9747
9749
9753
9755
9755
9762
9763
9763
9769
9772
9776
9781
9785
9785
9792
9794
9799
9801
9805
9806
9806
9808
9811
9812
9813
9813
9820
9821
9821
9826
9829
9829
9829
9830
9836
9838
9843
9848
9852
9853
9859
9860
9862
9864
9865
9876
9878
9879
9880
9880
9883
9887
9889
9895
9896
9898
9900
9900
9904
9904
9905
9905
9906
9909
9912
9915
9916
9917
9919
9925
9925
9926
9928
9929
9933
9933
9936
9951
9953
9954
9955
9957
9957
9957
9959
9962
9965
9969
9970
9970
9978
9980
9980
9981
9986
9986
9987
9987
9987
9992
9995
9998
10002
10006
10009
10010
10011
10014
10015
10016
10018
10019
10020
10023
10025
10026
10028
10033
10036
10036
10038
10038
10039
10042
10046
10048
10049
10051
10059
10060
10061
10062
10064
10065
10069
10071
10074
10075
10078
10079
10084
10086
10089
10091
10093
10095
10095
10096
10098
10099
10100
10101
10101
10107
10113
10114
10115
10115
10116
10129
10135
10137
10137
10141
10142
10143
10144
10145
10145
10150
10155
10155
10156
10160
10163
10164
10164
10164
10165
10169
10173
10174
10175
10175
10177
10180
10180
10180
10186
10188
10191
10195
10197
10201
10202
10202
10203
10206
10209
10211
10216
10216
10216
10223
10224
10228
10232
10235
10236
10236
10242
10245
10248
10251
10252
10253
10254
10257
10258
10259
10261
10262
10262
10264
10270
10272
10274
10275
10276
10278
10279
10284
10284
10289
10294
10295
10297
10299
10303
10304
10305
10305
10306
10308
10312
10314
10317
10319
10319
10323
10330
10334
10335
10336
10337
10340
10342
10346
10348
10349
10351
10352
10353
10355
10361
10361
10363
10368
10370
10370
10371
10377
10378
10380
10380
10381
10382
10383
10385
10385
10389
10393
10396
10401
10402
10406
10414
10415
10420
10421
10430
10432
10435
10435
10437
10439
10439
10439
10441
10442
10442
10443
10444
10445
10447
10451
10455
10458
10458
10458
10459
10460
10460
10462
10466
10469
10469
10471
10472
10475
10481
10482
10483
10484
10486
10488
10491
10500
10501
10503
10509
10520
10521
10529
10529
10531
10533
10533
10533
10534
10538
10538
10539
10544
10544
10551
10551
10551
10553
10556
10557
10563
10566
10566
10582
10585
10586
10588
10589
10590
10596
10601
10602
10602
10603
10603
10603
10604
10606
10608
10608
10610
10610
10614
10615
10620
10626
10627
10627
10628
10628
10631
10634
10636
10637
10640
10644
10648
10649
10651
10653
10655
10657
10663
10665
10666
10666
10669
10670
10675
10676
10682
10686
10687
10687
10688
10688
10689
10693
10694
10697
10698
10705
10705
10708
10708
10709
10715
10716
10718
10720
10723
10724
10725
10726
10730
10731
10733
10736
10737
10745
10750
10750
10756
10757
10757
10764
10764
10764
10767
10769
10770
10771
10772
10774
10774
10774
10775
10779
10779
10784
10785
10786
10787
10788
10788
10792
10794
10795
10795
10796
10797
10799
10802
10815
10816
10816
10820
10820
10822
10823
10825
10825
10833
10834
10835
10835
10838
10843
10844
10845
10847
10849
10850
10850
10857
10859
10863
10865
10872
10875
10876
10876
10877
10877
10880
10880
10880
10881
10882
10885
10887
10888
10888
10890
10892
10896
10896
10904
10905
10911
10915
10921
10924
10926
10928
10931
10933
10935
10935
10936
10938
10940
10942
10943
10945
10947
10948
10951
10960
10966
10973
10976
10981
10983
10991
10991
10991
10993
10995
10998
10999
11000
11006
11007
11009
11013
11013
11014
11015
11015
11023
11024
11025
11026
11026
11026
11029
11032
11034
11035
11036
11037
11038
11041
11042
11044
11045
11051
11053
11059
11061
11063
11063
11064
11064
11065
11065
11066
11066
11070
11071
11071
11072
11073
11075
11076
11078
11082
11084
11085
11085
11090
11093
11093
11095
11096
11097
11098
11100
11100
11102
11104
11108
11111
11113
11115
11117
11118
11119
11122
11124
11126
11128
11129
11131
11132
11137
11139
11143
11145
11146
11149
11152
11153
11158
11169
11171
11171
11173
11176
11176
11180
11181
11184
11185
11191
11191
11193
11194
11197
11197
11197
11199
11199
11200
11206
11212
11215
11216
11217
11222
11222
11223
11224
11224
11224
11225
11227
11236
11239
11242
11244
11245
11247
11251
11252
11253
11256
11257
11258
11259
11259
11259
11260
11264
11265
11265
11267
11267
11274
11274
11275
11279
11284
11286
11288
11289
11292
11292
11297
11302
11306
11311
11313
11317
11319
11321
11322
11324
11326
11327
11328
11328
11329
11334
11340
11345
11348
11350
11350
11351
11356
11356
11358
11360
11361
11367
11368
11369
11373
11377
11382
11390
11391
11392
11394
11396
11398
11398
11398
11398
11399
11401
11403
11408
11411
11415
11416
11419
11425
11425
11425
11427
11427
11428
11430
11433
11437
11438
11439
11441
11443
11447
11448
11450
11452
11453
11454
11455
11455
11456
11457
11459
11463
11469
11472
11473
11473
11475
11480
11480
11481
11486
11488
11489
11491
11493
11497
11497
11498
11498
11499
11502
11503
11510
11511
11512
11512
11513
11514
11514
11516
11518
11518
11519
11531
11533
11535
11535
11535
11538
11538
11541
11543
11543
11544
11548
11552
11552
11554
11554
11555
11556
11560
11560
11560
11564
11566
11566
11566
11567
11567
11570
11570
11573
11578
11581
11581
11585
11586
11587
11587
11588
11589
11597
11597
11598
11600
11600
11608
11610
11612
11614
11614
11615
11616
11617
11619
11621
11621
11630
11635
11635
11636
11640
11645
11646
11647
11650
11651
11657
11657
11660
11663
11664
11666
11666
11667
11671
11673
11674
11676
11679
11680
11683
11694
11694
11694
11696
11697
11705
11707
11709
11715
11716
11716
11718
11720
11721
11723
11723
11723
11724
11724
11727
11732
11733
11739
11742
11742
11743
11743
11748
11750
11755
11757
11759
11762
11763
11765
11766
11766
11767
11769
11771
11771
11772
11774
11775
11778
11782
11783
11785
11790
11793
11794
11794
11794
11795
11796
11798
11802
11804
11805
11811
11812
11813
11817
11819
11819
11820
11822
11825
11826
11826
11828
11829
11829
11833
11838
11844
11850
11853
11856
11858
11859
11860
11861
11866
11866
11867
11874
11875
11877
11878
11883
11887
11888
11892
11896
11896
11897
11900
11901
11903
11910
11910
11912
11913
11914
11917
11918
11920
11923
11925
11930
11930
11933
11934
11935
11937
11939
11941
11946
11949
11950
11955
11956
11958
11959
11960
11960
11962
11963
11965
11966
11971
11973
11976
11977
11978
11980
11982
11983
11991
11993
11995
11997
11998
12005
12006
12010
12010
12014
12014
12016
12021
12024
12029
12031
12031
12033
12037
12037
12045
12047
12048
12059
12059
12060
12061
12061
12062
12064
12068
12070
12072
12072
12072
12073
12074
12074
12076
12076
12081
12081
12084
12087
12092
12096
12097
12098
12098
12102
12109
12110
12114
12114
12117
12120
12121
12121
12124
12129
12131
12132
12133
12137
12141
12143
12143
12145
12145
12153
12167
12169
12170
12170
12172
12173
12174
12176
12184
12185
12185
12188
12192
12194
12195
12201
12202
12205
12207
12209
12212
12214
12220
12221
12223
12223
12231
12235
12237
12243
12245
12246
12247
12248
12249
12249
12250
12251
12252
12253
12254
12257
12258
12261
12263
12265
12268
12270
12272
12277
12278
12280
12283
12283
12288
12289
12289
12295
12299
12302
12303
12306
12306
12306
12310
12314
12316
12317
12320
12325
12326
12327
12327
12327
12328
12329
12332
12337
12342
12343
12344
12345
12346
12347
12347
12350
12351
12351
12354
12357
12363
12364
12367
12370
12370
12374
12374
12376
12378
12381
12383
12386
12388
12391
12392
12392
12393
12395
12401
12401
12402
12403
12403
12404
12404
12405
12405
12407
12407
12410
12410
12416
12416
12418
12418
12419
12422
12422
12422
12424
12428
12434
12437
12438
12442
12442
12442
12446
12450
12451
12455
12460
12462
12467
12467
12469
12470
12471
12474
12476
12486
12490
12490
12491
12497
12503
12504
12505
12505
12506
12506
12507
12507
12508
12511
12515
12518
12518
12520
12523
12526
12528
12529
12530
12534
12536
12538
12539
12539
12542
12542
12543
12543
12545
12550
12554
12556
12565
12566
12569
12570
12571
12575
12576
12577
12578
12582
12584
12585
12588
12588
12590
12591
12591
12596
12597
12607
12610
12613
12616
12616
12616
12617
12618
12620
12620
12623
12625
12626
12627
12629
12629
12634
12635
12636
12638
12644
12645
12646
12648
12652
12658
12658
12659
12663
12664
12664
12666
12668
12668
12669
12672
12675
12675
12677
12681
12683
12683
12684
12684
12684
12686
12688
12689
12691
12693
12701
12704
12705
12705
12712
12712
12715
12715
12715
12725
12728
12733
12735
12735
12736
12743
12745
12745
12747
12748
12754
12757
12765
12770
12778
12779
12783
12784
12784
12792
12802
12803
12804
12811
12811
12814
12814
12815
12816
12816
12817
12819
12819
12820
12823
12829
12830
12833
12834
12838
12838
12839
12842
12844
12847
12853
12859
12868
12869
12871
12872
12875
12876
12876
12880
12884
12887
12887
12890
12896
12898
12905
12905
12911
12915
12916
12917
12918
12925
12931
12939
12940
12940
12941
12945
12946
12948
12951
12954
12958
12960
12965
12965
12968
12970
12971
12979
12985
12987
12988
12992
12997
12998
12999
13000
13003
13006
13007
13012
13016
13017
13018
13020
13026
13031
13031
13035
13035
13038
13040
13042
13045
13056
13057
13059
13063
13075
13080
13082
13084
13084
13092
13095
13106
13108
13109
13110
13114
13114
13116
13118
13121
13125
13128
13135
13137
13142
13151
13154
13155
13157
13159
13166
13167
13167
13170
13180
13182
13186
13187
13188
13189
13193
13194
13196
13200
13203
13203
13205
13206
13208
13209
13210
13211
13212
13212
13218
13219
13219
13223
13226
13229
13234
13235
13236
13237
13237
13238
13240
13243
13244
13245
13247
13249
13250
13251
13253
13254
13256
13258
13263
13265
13265
13266
13267
13268
13275
13276
13277
13278
13278
13281
13282
13284
13286
13287
13287
13287
13288
13291
13292
13302
13303
13304
13307
13313
13315
13315
13326
13331
13333
13342
13344
13345
13346
13348
13351
13356
13359
13374
13376
13377
13379
13380
13381
13388
13393
13394
13394
13395
13395
13397
13398
13400
13405
13405
13405
13406
13410
13423
13423
13425
13425
13428
13430
13431
13432
13434
13435
13436
13436
13439
13440
13445
13446
13458
13464
13465
13466
13469
13469
13469
13470
13470
13471
13475
13480
13480
13483
13488
13491
13493
13495
13496
13496
13497
13497
13501
13503
13507
13508
13510
13512
13512
13515
13517
13518
13520
13520
13521
13523
13523
13524
13525
13535
13541
13543
13543
13544
13550
13554
13554
13557
13560
13563
13564
13566
13569
13571
13573
13574
13574
13577
13579
13579
13582
13583
13585
13585
13586
13587
13594
13596
13603
13606
13607
13608
13610
13614
13615
13619
13625
13639
13639
13640
13640
13642
13644
13645
13649
13653
13656
13656
13657
13663
13665
13676
13682
13689
13695
13695
13701
13704
13705
13707
13707
13708
13709
13719
13721
13730
13733
13735
13736
13737
13743
13743
13748
13750
13752
13754
13754
13758
13759
13760
13762
13764
13770
13771
13774
13777
13786
13786
13788
13788
13789
13794
13802
13813
13822
13825
13825
13826
13832
13833
13834
13840
13845
13848
13850
13853
13854
13854
13854
13856
13863
13863
13865
13869
13869
13870
13882
13882
13884
13884
13885
13889
13894
13904
13904
13904
13910
13912
13913
13920
13920
13922
13924
13935
13944
13945
13946
13951
13952
13955
13957
13957
13960
13961
13961
13965
13967
13969
13970
13971
13972
13973
13975
13982
13983
13983
13984
13989
13993
13994
13997
13998
13998
14002
14002
14002
14018
14019
14023
14028
14034
14038
14041
14045
14046
14051
14053
14053
14055
14058
14059
14064
14065
14068
14072
14073
14074
14079
14080
14081
14083
14088
14091
14108
14111
14113
14120
14122
14122
14123
14129
14130
14134
14138
14141
14142
14143
14144
14146
14149
14153
14158
14160
14162
14163
14164
14168
14174
14180
14185
14193
14199
14201
14204
14207
14211
14216
14216
14218
14220
14220
14221
14222
14222
14227
14227
14248
14253
14260
14261
14266
14267
14269
14270
14275
14282
14288
14289
14289
14290
14292
14293
14294
14295
14295
14297
14299
14301
14305
14305
14314
14317
14321
14329
14332
14335
14337
14341
14344
14346
14348
14349
14349
14350
14351
14352
14353
14355
14360
14363
14363
14364
14365
14377
14380
14381
14385
14386
14391
14391
14392
14395
14396
14398
14404
14405
14406
14411
14413
14416
14419
14422
14424
14425
14427
14428
14431
14431
14433
14436
14436
14440
14444
14446
14448
14450
14453
14458
14461
14466
14470
14474
14476
14481
14488
14498
14500
14502
14504
14506
14507
14512
14516
14521
14526
14526
14529
14533
14533
14535
14539
14548
14550
14552
14557
14564
14569
14573
14574
14590
14592
14598
14603
14603
14608
14614
14616
14617
14621
14626
14627
14630
14630
14633
14633
14634
14638
14644
14647
14648
14648
14652
14656
14657
14660
14661
14661
14665
14669
14670
14671
14672
14679
14680
14682
14686
14690
14692
14695
14701
14702
14703
14707
14708
14709
14710
14711
14722
14722
14728
14729
14729
14730
14735
14735
14737
14737
14743
14749
14766
14773
14776
14786
14791
14797
14798
14798
14799
14807
14807
14808
14808
14815
14816
14816
14822
14822
14827
14830
14831
14832
14836
14836
14837
14842
14843
14848
14855
14861
14862
14864
14866
14868
14872
14873
14874
14874
14881
14887
14888
14890
14892
14893
14900
14900
14910
14911
14914
14914
14915
14919
14922
14924
14932
14936
14943
14947
14955
14963
14969
14969
14971
14982
14984
14985
14987
15000
15007
15007
15008
15023
15029
15031
15031
15040
15042
15046
15048
15053
15054
15054
15058
15061
15063
15063
15066
15068
15072
15078
15080
15082
15089
15092
15098
15108
15112
15114
15118
15123
15124
15128
15131
15131
15138
15139
15141
15147
15149
15153
15157
15159
15172
15173
15176
15181
15183
15190
15193
15193
15194
15195
15199
15199
15200
15200
15205
15208
15216
15219
15222
15228
15230
15232
15234
15237
15244
15247
15255
15258
15261
15261
15261
15261
15264
15268
15268
15269
15275
15276
15276
15285
15286
15286
15286
15289
15292
15296
15296
15297
15298
15310
15315
15316
15317
15325
15327
15327
15330
15337
15353
15357
15359
15365
15374
15375
15380
15391
15395
15396
15410
15434
15435
15436
15442
15444
15451
15452
15456
15456
15459
15459
15461
15462
15463
15466
15466
15474
15476
15486
15487
15492
15493
15498
15508
15515
15515
15517
15517
15517
15518
15524
15526
15531
15533
15537
15539
15540
15544
15544
15547
15550
15550
15551
15551
15551
15558
15559
15562
15565
15569
15570
15575
15581
15583
15590
15594
15595
15598
15600
15602
15604
15605
15606
15609
15612
15619
15621
15623
15637
15639
15647
15659
15669
15670
15678
15684
15685
15687
15692
15694
15695
15696
15696
15697
15698
15698
15700
15708
15711
15716
15724
15726
15741
15742
15747
15747
15756
15758
15760
15760
15767
15775
15783
15790
15794
15803
15809
15809
15810
15812
15826
15838
15841
15852
15854
15858
15858
15860
15866
15866
15876
15881
15887
15890
15891
15895
15898
15901
15909
15911
15920
15923
15928
15934
15938
15939
15939
15944
15950
15953
15959
15959
15959
15967
15971
15981
15982
15983
15994
16000
16001
16002
16002
16009
16011
16014
16018
16019
16022
16024
16026
16027
16030
16031
16033
16038
16045
16050
16051
16054
16056
16060
16063
16066
16067
16074
16075
16090
16095
16096
16097
16097
16102
16104
16106
16108
16111
16116
16117
16118
16118
16119
16121
16122
16128
16135
16135
16143
16144
16145
16151
16152
16152
16156
16159
16162
16165
16167
16168
16172
16177
16178
16179
16180
16190
16199
16199
16199
16204
16204
16208
16212
16217
16218
16218
16222
16224
16226
16227
16229
16230
16236
16243
16243
16250
16254
16261
16267
16268
16274
16275
16278
16280
16283
16285
16288
16297
16308
16310
16312
16314
16321
16324
16329
16331
16333
16344
16348
16349
16356
16360
16362
16363
16364
16367
16374
16377
16381
16389
16390
16392
16394
16396
16399
16402
16402
16403
16403
16406
16409
16410
16411
16415
16416
16417
16418
16420
16422
16424
16427
16432
16432
16444
16449
16450
16450
16454
16454
16462
16478
16479
16480
16483
16486
16487
16494
16499
16502
16515
16516
16516
16523
16525
16526
16534
16537
16544
16548
16549
16550
16551
16555
16557
16563
16567
16571
16572
16574
16579
16586
16586
16590
16590
16595
16601
16603
16606
16606
16610
16613
16613
16614
16617
16620
16623
16624
16630
16633
16635
16637
16637
16640
16642
16646
16646
16647
16656
16657
16658
16659
16660
16666
16666
16672
16672
16674
16678
16680
16684
16686
16691
16698
16707
16711
16713
16714
16719
16725
16730
16736
16736
16737
16739
16746
16752
16754
16757
16760
16761
16762
16763
16765
16772
16776
16777
16781
16783
16784
16785
16786
16796
16796
16799
16800
16800
16807
16813
16813
16814
16819
16823
16833
16835
16845
16848
16853
16856
16856
16857
16858
16861
16862
16869
16874
16874
16878
16879
16889
16890
16904
16907
16911
16926
16931
16937
16952
16952
16967
16969
16975
16980
16981
16983
16989
16991
17001
17006
17023
17026
17031
17041
17050
17054
17056
17057
17065
17071
17072
17072
17082
17083
17085
17093
17103
17106
17111
17117
17120
17122
17129
17143
17149
17161
17164
17172
17172
17172
17175
17176
17176
17178
17180
17181
17186
17187
17190
17190
17199
17203
17204
17209
17214
17214
17219
17220
17221
17224
17229
17230
17232
17233
17233
17234
17236
17242
17242
17245
17258
17263
17268
17274
17286
17286
17290
17294
17295
17295
17298
17303
17308
17317
17322
17325
17329
17332
17335
17340
17340
17343
17347
17350
17350
17354
17356
17356
17356
17362
17363
17371
17372
17374
17378
17378
17378
17387
17390
17393
17394
17395
17400
17401
17405
17408
17418
17422
17431
17432
17437
17437
17453
17456
17466
17485
17485
17488
17491
17492
17493
17494
17501
17503
17507
17507
17522
17526
17529
17530
17535
17536
17542
17549
17554
17555
17559
17568
17587
17610
17617
17617
17622
17623
17623
17625
17625
17627
17634
17644
17646
17646
17647
17648
17649
17649
17658
17660
17660
17665
17669
17673
17674
17681
17683
17684
17687
17688
17688
17693
17697
17699
17702
17708
17712
17719
17722
17725
17727
17733
17752
17760
17763
17765
17767
17770
17774
17777
17780
17782
17784
17789
17800
17804
17806
17810
17816
17821
17822
17823
17830
17830
17834
17839
17847
17851
17852
17858
17867
17875
17875
17887
17890
17902
17905
17910
17913
17916
17922
17926
17934
17937
17940
17940
17943
17943
17945
17952
17953
17954
17958
17961
17963
17964
17965
17968
17972
17978
17982
17987
17990
17992
18006
18015
18029
18039
18055
18059
18060
18064
18070
18074
18076
18077
18078
18090
18094
18096
18100
18100
18107
18117
18117
18122
18123
18127
18136
18137
18137
18137
18141
18149
18155
18166
18166
18170
18170
18172
18177
18179
18179
18181
18182
18186
18190
18200
18208
18212
18219
18226
18228
18230
18233
18233
18235
18244
18245
18249
18254
18260
18262
18263
18275
18275
18276
18277
18278
18280
18281
18282
18305
18306
18306
18306
18312
18314
18315
18317
18319
18327
18335
18345
18349
18349
18351
18358
18359
18360
18365
18366
18372
18376
18386
18392
18396
18397
18399
18400
18401
18403
18406
18408
18409
18420
18424
18425
18426
18428
18440
18446
18451
18457
18460
18463
18464
18465
18465
18466
18470
18471
18482
18487
18488
18488
18490
18491
18497
18497
18498
18504
18509
18518
18523
18524
18529
18536
18540
18550
18555
18557
18565
18570
18572
18588
18591
18607
18610
18613
18615
18623
18630
18630
18635
18637
18644
18645
18652
18658
18661
18663
18665
18669
18670
18675
18685
18686
18690
18692
18693
18695
18700
18701
18705
18705
18715
18733
18733
18740
18745
18751
18755
18757
18760
18761
18762
18771
18774
18777
18779
18787
18794
18794
18795
18796
18801
18802
18802
18806
18810
18811
18814
18817
18817
18836
18837
18840
18846
18847
18852
18853
18858
18859
18859
18873
18883
18885
18899
18901
18904
18906
18907
18908
18911
18911
18928
18933
18933
18944
18944
18946
18948
18949
18950
18950
18956
18958
18960
18976
18977
18980
18983
19013
19013
19016
19019
19030
19048
19076
19076
19083
19087
19089
19096
19097
19098
19101
19105
19106
19107
19111
19116
19133
19140
19141
19146
19150
19151
19158
19161
19161
19166
19180
19181
19182
19184
19203
19212
19218
19238
19254
19257
19263
19264
19265
19276
19276
19278
19283
19292
19299
19303
19304
19309
19310
19310
19313
19318
19318
19330
19337
19349
19362
19365
19366
19372
19372
19373
19375
19377
19381
19383
19411
19413
19424
19430
19430
19431
19440
19443
19443
19445
19449
19453
19461
19469
19473
19487
19487
19489
19494
19495
19497
19507
19510
19521
19530
19537
19537
19537
19539
19540
19541
19543
19549
19563
19567
19569
19569
19574
19575
19579
19580
19585
19585
19596
19596
19605
19609
19611
19616
19623
19624
19624
19630
19637
19639
19641
19642
19644
19646
19646
19660
19666
19668
19671
19671
19681
19688
19691
19696
19708
19709
19711
19720
19727
19728
19733
19739
19740
19743
19748
19749
19758
19764
19787
19789
19810
19811
19812
19817
19823
19827
19830
19834
19848
19850
19862
19862
19867
19871
19871
19878
19880
19880
19881
19886
19888
19890
19896
19902
19914
19919
19922
19925
19929
19936
19943
19957
19961
19964
19973
19976
19977
19978
19979
19982
19985
19986
19991
19991
19997
19997
20002
20003
20004
20010
20017
20033
20050
20051
20052
20058
20059
20064
20065
20069
20072
20074
20075
20087
20094
20094
20096
20097
20101
20103
20113
20115
20125
20129
20131
20133
20134
20134
20134
20143
20144
20148
20149
20158
20170
20170
20176
20178
20178
20185
20193
20194
20197
20198
20201
20207
20209
20210
20210
20211
20218
20218
20219
20236
20250
20256
20261
20264
20264
20265
20266
20273
20274
20274
20281
20290
20297
20301
20309
20309
20310
20322
20322
20322
20324
20336
20342
20343
20358
20371
20373
20373
20376
20379
20387
20405
20413
20417
20420
20426
20428
20430
20438
20446
20449
20451
20457
20464
20477
20481
20486
20497
20499
20501
20511
20516
20516
20519
20522
20526
20541
20562
20564
20564
20575
20579
20588
20598
20606
20618
20621
20623
20627
20641
20642
20643
20648
20649
20650
20665
20678
20680
20689
20706
20710
20714
20714
20723
20726
20736
20742
20743
20750
20751
20752
20753
20757
20758
20790
20792
20795
20799
20800
20806
20812
20814
20815
20820
20825
20830
20830
20849
20859
20863
20865
20868
20872
20877
20883
20894
20895
20896
20899
20919
20921
20921
20922
20935
20938
20941
20942
20946
20960
20962
20971
20975
20981
20988
20996
21003
21016
21027
21028
21044
21051
21051
21059
21059
21062
21069
21071
21076
21077
21093
21096
21115
21142
21144
21149
21150
21151
21152
21156
21167
21167
21167
21170
21175
21177
21196
21197
21204
21205
21206
21215
21217
21220
21221
21227
21233
21236
21236
21247
21251
21258
21264
21282
21286
21294
21300
21300
21301
21303
21315
21318
21351
21356
21373
21376
21377
21380
21396
21398
21404
21416
21417
21417
21418
21420
21422
21425
21427
21433
21437
21451
21451
21457
21473
21474
21478
21483
21485
21487
21489
21493
21495
21497
21498
21504
21504
21506
21511
21511
21511
21512
21527
21535
21546
21555
21557
21566
21570
21579
21586
21597
21602
21605
21613
21616
21616
21617
21635
21642
21665
21666
21676
21681
21684
21699
21705
21709
21710
21711
21712
21718
21731
21741
21741
21751
21756
21756
21789
21791
21803
21819
21822
21825
21834
21839
21842
21859
21861
21870
21897
21897
21898
21901
21907
21908
21923
21931
21950
21954
21965
21968
21968
21976
21986
22005
22006
22007
22007
22028
22030
22034
22035
22036
22038
22039
22042
22044
22047
22050
22065
22067
22072
22080
22085
22092
22108
22108
22109
22115
22121
22130
22136
22140
22157
22157
22170
22176
22192
22193
22196
22199
22199
22199
22199
22209
22217
22221
22222
22234
22245
22250
22260
22261
22264
22276
22282
22289
22289
22291
22305
22305
22312
22319
22320
22333
22341
22345
22345
22348
22356
22357
22361
22365
22368
22373
22375
22377
22380
22387
22388
22389
22399
22400
22405
22408
22410
22414
22417
22422
22427
22431
22441
22443
22469
22476
22482
22487
22498
22500
22514
22516
22521
22524
22525
22526
22531
22537
22549
22549
22550
22558
22560
22563
22563
22564
22569
22569
22573
22573
22576
22579
22582
22586
22588
22592
22602
22604
22617
22625
22629
22632
22639
22642
22645
22646
22648
22648
22650
22654
22656
22658
22665
22668
22670
22673
22677
22677
22679
22682
22687
22690
22694
22701
22703
22710
22731
22736
22738
22739
22748
22752
22758
22760
22760
22766
22774
22780
22785
22799
22804
22808
22816
22816
22819
22821
22823
22827
22832
22834
22841
22842
22842
22848
22849
22860
22861
22871
22876
22891
22910
22930
22933
22937
22938
22950
22961
22971
22993
22994
22995
23007
23009
23021
23038
23051
23057
23059
23059
23066
23068
23068
23078
23080
23090
23098
23100
23104
23111
23120
23122
23135
23155
23157
23166
23168
23184
23184
23205
23208
23210
23210
23212
23220
23228
23229
23229
23251
23255
23267
23268
23270
23271
23283
23301
23301
23305
23310
23313
23316
23323
23331
23336
23354
23358
23372
23377
23379
23383
23401
23408
23418
23424
23427
23432
23432
23437
23438
23459
23463
23467
23472
23474
23484
23486
23486
23489
23499
23507
23510
23516
23528
23546
23554
23557
23559
23570
23572
23574
23583
23589
23594
23598
23602
23604
23606
23616
23617
23619
23663
23663
23684
23687
23689
23703
23722
23728
23737
23739
23740
23756
23759
23781
23784
23785
23787
23792
23792
23794
23798
23799
23833
23850
23863
23869
23885
23887
23888
23909
23910
23913
23921
23928
23931
23941
23959
23975
23982
23988
23989
24006
24006
24006
24021
24034
24035
24040
24055
24061
24073
24080
24084
24092
24103
24103
24107
24113
24116
24117
24118
24118
24129
24136
24144
24145
24149
24158
24161
24169
24172
24186
24189
24197
24198
24200
24200
24204
24211
24218
24220
24225
24255
24272
24272
24274
24275
24279
24280
24291
24298
24299
24302
24335
24350
24351
24351
24354
24369
24373
24380
24384
24391
24398
24399
24414
24434
24435
24439
24446
24460
24461
24464
24476
24499
24500
24502
24506
24508
24509
24515
24518
24525
24526
24532
24544
24551
24555
24562
24569
24579
24596
24600
24605
24610
24615
24616
24628
24634
24655
24657
24659
24661
24668
24669
24671
24671
24673
24686
24687
24688
24712
24725
24732
24749
24754
24771
24772
24791
24795
24798
24803
24803
24809
24823
24823
24825
24833
24836
24836
24843
24844
24857
24857
24869
24877
24881
24890
24893
24897
24900
24904
24906
24907
24920
24930
24939
24948
24953
24958
24958
24959
24971
24985
24996
24997
25000
25014
25023
25051
25060
25069
25079
25091
25102
25104
25107
25116
25134
25139
25144
25151
25159
25160
25183
25184
25187
25190
25192
25199
25224
25237
25242
25258
25259
25262
25266
25267
25271
25274
25278
25296
25303
25309
25322
25332
25341
25351
25357
25391
25396
25397
25410
25415
25429
25430
25432
25467
25468
25470
25474
25491
25497
25522
25525
25527
25530
25531
25537
25544
25560
25562
25573
25580
25598
25604
25610
25612
25616
25618
25621
25622
25639
25644
25665
25680
25683
25686
25703
25707
25711
25719
25742
25747
25747
25758
25763
25766
25769
25773
25781
25783
25785
25789
25791
25797
25801
25802
25804
25847
25848
25858
25867
25874
25874
25880
25890
25900
25908
25912
25913
25925
25939
25940
25954
25957
25958
25978
25980
25993
25995
25996
26001
26013
26030
26051
26054
26062
26076
26117
26125
26126
26138
26147
26150
26154
26155
26164
26179
26181
26188
26195
26212
26218
26222
26228
26234
26242
26246
26260
26269
26271
26280
26282
26287
26291
26299
26307
26310
26327
26338
26340
26341
26342
26346
26354
26357
26364
26365
26370
26375
26376
26382
26387
26405
26410
26441
26451
26459
26471
26478
26485
26498
26523
26527
26537
26544
26552
26582
26582
26583
26595
26606
26611
26615
26624
26641
26642
26674
26674
26679
26680
26681
26682
26684
26684
26686
26687
26688
26690
26720
26721
26753
26753
26761
26773
26784
26818
26820
26823
26823
26828
26835
26838
26840
26849
26860
26895
26905
26905
26909
26914
26926
26928
26932
26947
26954
26976
26981
26999
27006
27023
27032
27033
27034
27035
27043
27043
27051
27055
27058
27060
27068
27073
27077
27085
27094
27098
27099
27108
27116
27131
27144
27148
27162
27186
27188
27194
27218
27234
27259
27264
27280
27290
27292
27297
27311
27316
27323
27346
27351
27353
27353
27360
27370
27384
27386
27390
27406
27420
27423
27424
27424
27441
27464
27471
27482
27503
27510
27530
27532
27539
27544
27546
27551
27553
27554
27558
27562
27562
27564
27566
27575
27595
27596
27600
27603
27607
27611
27627
27631
27656
27704
27734
27755
27755
27776
27776
27777
27777
27783
27784
27793
27801
27814
27828
27839
27859
27860
27865
27871
27913
27924
27935
27947
27960
27971
27972
28009
28013
28016
28016
28017
28018
28020
28022
28048
28052
28070
28076
28083
28085
28124
28142
28145
28148
28152
28158
28164
28179
28186
28188
28198
28212
28222
28229
28230
28230
28234
28236
28246
28247
28254
28256
28266
28271
28273
28287
28312
28313
28323
28338
28344
28353
28363
28376
28389
28405
28409
28438
28444
28455
28503
28505
28520
28529
28541
28544
28583
28587
28590
28602
28620
28638
28642
28671
28676
28680
28683
28691
28700
28700
28706
28751
28754
28761
28766
28769
28773
28774
28775
28802
28812
28814
28827
28878
28905
28907
28910
28917
28926
28944
28960
28966
28973
28974
28985
28987
29010
29029
29039
29053
29058
29076
29084
29089
29100
29181
29189
29199
29208
29211
29229
29250
29261
29273
29284
29302
29310
29317
29318
29328
29333
29354
29362
29369
29383
29434
29435
29446
29450
29450
29452
29461
29461
29468
29473
29480
29480
29485
29494
29495
29506
29527
29550
29573
29581
29582
29583
29583
29604
29608
29613
29615
29619
29622
29648
29652
29654
29660
29663
29666
29698
29704
29739
29741
29748
29749
29753
29756
29762
29764
29766
29767
29783
29791
29800
29805
29816
29819
29848
29853
29854
29857
29867
29872
29888
29908
29909
29926
29926
29928
29931
29956
29961
29979
29981
29985
29991
29991
29998
30012
30025
30034
30036
30040
30051
30065
30088
30088
30101
30111
30117
30120
30124
30150
30151
30159
30178
30179
30187
30198
30216
30218
30222
30232
30234
30236
30250
30254
30256
30261
30284
30288
30298
30303
30305
30310
30326
30329
30330
30351
30354
30364
30369
30385
30389
30402
30408
30410
30420
30428
30446
30453
30464
30470
30474
30479
30493
30507
30529
30544
30553
30557
30564
30579
30600
30611
30617
30627
30630
30638
30649
30651
30652
30652
30656
30694
30699
30726
30739
30748
30751
30756
30769
30777
30797
30807
30808
30812
30821
30822
30829
30838
30844
30862
30869
30870
30883
30930
30933
30939
30954
30954
30977
30997
31012
31030
31050
31075
31079
31098
31107
31112
31127
31133
31141
31146
31166
31183
31202
31207
31209
31216
31218
31231
31262
31313
31320
31347
31363
31381
31384
31392
31401
31406
31425
31428
31430
31433
31469
31502
31517
31518
31543
31595
31603
31607
31615
31651
31675
31687
31708
31709
31718
31720
31720
31740
31743
31791
31798
31802
31815
31870
31873
31896
31901
31916
31921
31926
31967
31968
31969
31993
32008
32017
32030
32043
32045
32062
32072
32076
32085
32089
32104
32112
32115
32125
32133
32138
32142
32149
32151
32151
32166
32173
32176
32178
32210
32218
32228
32249
32282
32304
32330
32345
32366
32369
32372
32377
32417
32426
32479
32497
32501
32509
32512
32526
32532
32538
32547
32566
32567
32593
32596
32604
32619
32631
32641
32659
32660
32665
32666
32668
32670
32690
32698
32704
32712
32749
32756
32758
32765
32778
32781
32791
32793
32836
32859
32873
32874
32876
32901
32903
32921
32921
32933
32944
32945
32958
32958
32962
32975
32975
32978
32983
33003
33004
33013
33017
33033
33044
33052
33060
33065
33068
33076
33080
33109
33110
33115
33120
33133
33141
33161
33177
33187
33199
33224
33232
33243
33278
33283
33288
33319
33356
33381
33415
33430
33467
33481
33493
33529
33561
33588
33588
33588
33591
33592
33622
33647
33659
33709
33720
33766
33781
33798
33806
33817
33830
33836
33840
33844
33863
33870
33872
33885
33888
33893
33894
33897
33907
33909
33940
33944
33955
33955
33983
34022
34026
34045
34054
34069
34081
34093
34109
34116
34118
34123
34130
34140
34144
34145
34162
34162
34173
34181
34194
34194
34205
34206
34218
34237
34254
34291
34322
34322
34332
34355
34358
34365
34375
34426
34427
34440
34445
34453
34453
34467
34478
34479
34488
34493
34553
34553
34564
34581
34587
34592
34598
34602
34608
34610
34628
34631
34665
34674
34680
34692
34697
34711
34715
34717
34719
34720
34725
34735
34757
34772
34781
34788
34795
34812
34821
34877
34888
34894
34938
35048
35057
35089
35090
35096
35106
35122
35129
35133
35154
35158
35172
35174
35180
35181
35217
35238
35241
35255
35260
35260
35303
35304
35318
35337
35344
35348
35367
35375
35383
35407
35423
35435
35440
35453
35517
35518
35519
35529
35561
35565
35582
35586
35638
35655
35663
35677
35687
35691
35709
35711
35711
35720
35732
35740
35755
35791
35807
35839
35859
35862
35876
35896
35896
35901
35902
35932
35938
35960
35961
35963
35965
35966
35970
35997
36002
36010
36095
36099
36108
36126
36149
36185
36214
36223
36225
36251
36263
36287
36293
36296
36346
36353
36356
36386
36409
36419
36426
36427
36453
36475
36477
36500
36503
36506
36532
36545
36546
36548
36549
36550
36555
36557
36564
36566
36585
36589
36590
36594
36618
36642
36670
36688
36709
36722
36725
36731
36734
36766
36774
36788
36831
36890
36894
36905
36912
36917
36922
36929
36946
36946
36946
36952
36955
36971
36971
36979
36998
37028
37031
37031
37040
37056
37074
37117
37123
37123
37130
37144
37175
37185
37192
37203
37207
37210
37216
37247
37275
37290
37298
37336
37338
37344
37390
37402
37402
37424
37449
37453
37511
37515
37529
37567
37575
37583
37594
37615
37663
37663
37668
37670
37690
37691
37713
37721
37795
37812
37825
37837
37859
37865
37873
37873
37914
37916
37917
37940
37953
37969
37990
38003
38003
38020
38021
38040
38052
38055
38098
38101
38147
38148
38150
38153
38162
38164
38166
38212
38236
38239
38249
38264
38338
38391
38401
38420
38459
38478
38481
38482
38487
38552
38566
38570
38587
38590
38617
38622
38624
38654
38656
38656
38661
38662
38689
38694
38708
38714
38734
38742
38743
38756
38760
38760
38763
38788
38801
38815
38818
38818
38843
38863
38894
38909
38913
38921
38932
38935
38944
38951
38953
38961
39038
39052
39054
39120
39130
39142
39150
39199
39208
39223
39276
39281
39284
39285
39288
39339
39360
39371
39391
39398
39420
39429
39450
39451
39453
39465
39482
39514
39567
39598
39607
39608
39635
39654
39664
39701
39709
39712
39732
39747
39752
39752
39757
39765
39788
39801
39815
39826
39870
39919
39933
39938
39949
39951
39974
40005
40016
40029
40081
40089
40092
40110
40142
40144
40188
40245
40291
40304
40336
40337
40385
40391
40404
40443
40468
40478
40490
40497
40498
40520
40524
40562
40571
40606
40628
40628
40637
40660
40679
40692
40693
40754
40755
40796
40799
40799
40805
40822
40824
40856
40862
40874
40889
40891
40930
40931
40936
40961
40987
40999
41002
41016
41054
41109
41142
41144
41144
41148
41162
41179
41179
41198
41210
41229
41248
41256
41280
41303
41312
41315
41345
41347
41352
41378
41384
41398
41413
41423
41446
41463
41484
41493
41498
41499
41508
41524
41532
41539
41548
41549
41551
41553
41557
41558
41560
41582
41606
41613
41618
41643
41680
41799
41802
41805
41808
41816
41834
41894
41896
41915
41930
41954
41962
41979
41990
42031
42036
42036
42092
42099
42113
42121
42145
42153
42173
42214
42220
42225
42229
42243
42322
42329
42342
42358
42387
42397
42403
42409
42413
42441
42474
42522
42532
42658
42659
42699
42720
42721
42726
42739
42756
42802
42827
42835
42876
42880
42905
42941
42959
43013
43013
43016
43021
43028
43055
43065
43107
43117
43119
43124
43160
43217
43244
43267
43269
43275
43287
43317
43403
43404
43408
43417
43432
43439
43445
43450
43454
43461
43496
43509
43515
43522
43526
43539
43544
43574
43580
43582
43599
43615
43627
43634
43638
43650
43675
43676
43693
43696
43706
43709
43733
43750
43750
43760
43793
43832
43862
43905
43912
43914
43928
43970
43979
43981
44041
44058
44079
44094
44132
44142
44153
44183
44193
44225
44278
44285
44294
44349
44360
44399
44417
44437
44457
44464
44473
44479
44482
44495
44504
44516
44554
44588
44631
44697
44718
44725
44751
44767
44781
44790
44791
44810
44834
44838
44856
44860
44866
44873
44895
44943
44982
45010
45031
45071
45122
45125
45130
45179
45200
45202
45215
45237
45238
45289
45295
45314
45389
45405
45419
45432
45446
45477
45510
45514
45517
45549
45574
45589
45600
45614
45628
45636
45661
45674
45696
45697
45698
45715
45771
45788
45829
45831
45931
45992
45995
46060
46061
46075
46076
46091
46126
46178
46221
46276
46361
46378
46386
46390
46474
46510
46510
46535
46550
46558
46612
46619
46624
46648
46680
46698
46708
46743
46745
46749
46765
46771
46830
46913
46950
46978
46981
46990
47007
47029
47064
47097
47143
47162
47166
47173
47190
47192
47199
47206
47214
47234
47235
47242
47261
47275
47300
47303
47315
47421
47425
47433
47500
47503
47523
47538
47561
47577
47606
47606
47627
47630
47638
47639
47654
47666
47768
47773
47782
47846
47867
47877
47884
47890
47898
47899
47908
47919
47927
47958
47968
48026
48052
48084
48148
48157
48188
48198
48258
48297
48314
48340
48365
48400
48441
48444
48452
48472
48505
48513
48536
48553
48560
48588
48607
48720
48741
48744
48754
48756
48801
48819
48823
48824
48902
48954
48968
48995
49000
49051
49067
49075
49079
49092
49101
49107
49126
49128
49130
49161
49170
49170
49173
49262
49273
49328
49353
49387
49393
49408
49412
49431
49433
49448
49463
49508
49510
49514
49522
49675
49687
49698
49742
49763
49776
49783
49813
49886
49923
49925
49948
49958
50029
50074
50099
50148
50167
50171
50171
50193
50249
50253
50268
50315
50327
50333
50336
50364
50406
50432
50438
50456
50489
50491
50509
50541
50579
50622
50651
50672
50680
50684
50691
50735
50757
50807
50809
50818
50908
50910
50954
50964
50972
51005
51023
51040
51054
51058
51077
51077
51091
51103
51108
51119
51177
51181
51204
51305
51367
51387
51435
51437
51455
51460
51479
51498
51514
51559
51560
51577
51606
51626
51639
51645
51654
51657
51681
51717
51739
51763
51841
51877
51900
51917
51923
51935
51942
51945
51974
51977
51978
51993
52069
52100
52123
52138
52140
52147
52186
52307
52333
52337
52357
52402
52407
52460
52478
52521
52595
52630
52670
52818
52824
52869
52873
52906
52909
52934
52978
53040
53107
53117
53170
53244
53270
53320
53329
53365
53389
53396
53515
53527
53585
53588
53675
53678
53686
53693
53715
53798
53970
53979
54009
54024
54058
54098
54197
54199
54209
54225
54249
54264
54292
54313
54365
54411
54417
54422
54424
54427
54449
54478
54524
54588
54608
54616
54665
54674
54691
54762
54783
54801
54802
54804
54808
54823
54841
54846
54850
54855
54911
54935
54946
54948
54959
55014
55031
55053
55112
55115
55118
55123
55186
55217
55247
55265
55292
55312
55316
55348
55363
55368
55382
55401
55410
55415
55421
55435
55440
55488
55489
55514
55566
55587
55655
55658
55689
55765
55780
55785
55841
55849
55888
55900
55902
55933
55933
55957
55975
55995
56001
56016
56033
56060
56098
56104
56173
56176
56195
56214
56214
56258
56284
56310
56370
56405
56478
56493
56526
56573
56629
56637
56641
56649
56657
56684
56694
56715
56744
56766
56803
56816
56856
56859
56937
56982
56992
57014
57036
57097
57124
57127
57141
57146
57153
57164
57164
57205
57239
57240
57269
57318
57338
57374
57376
57382
57386
57390
57417
57446
57448
57496
57515
57550
57554
57591
57618
57651
57791
57797
57929
57947
57959
58005
58021
58035
58045
58076
58102
58107
58158
58206
58258
58259
58272
58281
58287
58346
58399
58432
58478
58520
58625
58663
58714
58766
58794
58803
58872
58879
58880
58882
58900
58913
58934
58939
58939
58958
58999
59073
59098
59109
59141
59160
59177
59187
59189
59199
59211
59239
59242
59276
59294
59317
59338
59349
59369
59370
59372
59418
59434
59450
59455
59463
59489
59528
59582
59601
59614
59656
59679
59719
59723
59780
59818
59835
59902
59902
59911
59937
59963
60008
60037
60037
60067
60134
60137
60169
60191
60203
60206
60208
60212
60276
60288
60335
60408
60414
60433
60444
60542
60603
60627
60662
60737
60745
60768
60797
60831
60874
60891
61027
61031
61045
61075
61087
61095
61109
61131
61134
61145
61161
61250
61339
61369
61379
61417
61419
61430
61439
61440
61462
61514
61582
61584
61584
61595
61608
61633
61642
61650
61686
61690
61710
61768
61771
61772
61800
61801
61816
61838
61847
61881
61902
61903
61904
61932
61979
61979
61998
62017
62036
62049
62050
62057
62075
62105
62131
62137
62171
62213
62292
62337
62373
62375
62382
62537
62568
62619
62787
62823
62958
62978
62991
63009
63012
63032
63045
63061
63064
63094
63100
63140
63147
63155
63160
63180
63233
63237
63251
63285
63310
63323
63354
63371
63389
63405
63458
63528
63535
63545
63569
63600
63628
63666
63679
63681
63727
63753
63754
63756
63851
63883
63885
63889
63893
63955
63967
64012
64082
64129
64182
64275
64350
64372
64399
64404
64429
64476
64489
64511
64570
64580
64607
64625
64641
64659
64729
64758
64790
64793
64831
64851
64874
64952
64954
64954
65009
65113
65117
65118
65135
65150
65170
65276
65290
65290
65298
65367
65368
65381
65389
65391
65408
65411
65441
65494
65530
65536
65558
65565
65566
65596
65603
65608
65622
65641
65683
65754
65834
65847
65851
65889
65892
66020
66031
66039
66062
66084
66087
66147
66170
66188
66251
66315
66392
66419
66442
66450
66501
66523
66549
66576
66588
66623
66637
66687
66712
66796
66810
66848
66901
66937
66975
66980
67139
67246
67273
67296
67370
67393
67397
67426
67433
67514
67553
67593
67593
67638
67659
67671
67672
67720
67746
67760
67768
67779
67820
67935
67936
67945
67963
68058
68067
68076
68105
68239
68254
68264
68330
68351
68375
68442
68513
68536
68591
68603
68681
68687
68715
68720
68756
68872
68938
68994
69010
69011
69072
69134
69138
69149
69222
69245
69248
69266
69335
69378
69396
69441
69452
69511
69520
69536
69547
69616
69859
69897
69915
69916
69954
70013
70082
70110
70171
70183
70340
70375
70381
70441
70447
70456
70471
70472
70482
70619
70680
70690
70733
70734
70754
70793
70867
70890
70896
70905
70935
70945
71053
71094
71095
71104
71106
71180
71188
71198
71203
71262
71267
71284
71344
71407
71423
71436
71438
71444
71448
71479
71500
71540
71614
71632
71740
71794
71863
71873
71891
71945
71964
71985
72011
72023
72070
72078
72106
72206
72276
72303
72310
72320
72341
72374
72444
72462
72469
72474
72485
72515
72528
72633
72653
72654
72663
72732
72763
72789
72849
72904
72909
72952
72957
72989
73014
73074
73076
73089
73252
73273
73299
73317
73361
73369
73431
73480
73555
73581
73595
73616
73631
73706
73732
73789
73872
73879
73922
73959
74018
74028
74038
74130
74139
74172
74231
74406
74459
74565
74636
74696
74725
74767
74818
74823
74840
74853
74966
75054
75105
75147
75174
75290
75311
75507
75510
75641
75641
75656
75673
75740
75787
75849
75879
75881
75882
75924
75973
76053
76066
76103
76154
76209
76254
76279
76311
76339
76350
76369
76369
76387
76430
76451
76465
76474
76491
76507
76541
76548
76553
76628
76668
76669
76682
76744
76771
76773
76841
76906
77000
77028
77035
77119
77129
77139
77161
77178
77264
77276
77402
77415
77420
77438
77472
77475
77531
77534
77540
77540
77566
77595
77598
77625
77633
77645
77649
77730
77754
77947
78052
78180
78245
78254
78402
78587
78593
78645
78689
78714
78714
78719
78765
78767
78865
78872
78978
79008
79010
79013
79025
79050
79106
79141
79196
79212
79300
79429
79489
79552
79565
79583
79616
79622
79655
79957
80005
80045
80150
80180
80200
80223
80290
80292
80299
80344
80355
80357
80384
80406
80483
80510
80666
80789
80843
80896
80929
80966
81066
81150
81166
81211
81233
81238
81287
81313
81334
81408
81474
81546
81658
81729
81806
81871
81951
81951
81960
81984
82005
82104
82158
82185
82216
82286
82299
82345
82376
82386
82419
82509
82509
82545
82563
82597
82598
82625
82641
82704
82808
82883
82903
82994
82998
83009
83018
83105
83173
83175
83267
83289
83402
83467
83506
83513
83604
83631
83636
83656
83695
83761
83815
83936
84025
84027
84038
84133
84209
84231
84264
84292
84323
84333
84380
84417
84436
84448
84504
84561
84652
84698
84769
84799
84903
84906
84928
84969
84998
85026
85110
85128
85134
85144
85158
85168
85279
85346
85353
85394
85415
85450
85495
85578
85630
85651
85756
85756
85800
85829
85848
85875
86083
86095
86129
86312
86351
86388
86420
86439
86458
86639
86659
86708
86713
86714
86749
86965
86987
87024
87047
87199
87205
87236
87257
87400
87467
87473
87576
87592
87657
87669
87737
87761
87819
87855
87857
87961
88140
88218
88222
88251
88286
88313
88400
88417
88623
88631
88732
88770
88788
88822
88855
88876
88935
88983
89100
89102
89104
89107
89119
89125
89228
89294
89344
89441
89442
89478
89500
89528
89584
89629
89643
89688
89696
89887
89938
89978
89979
90070
90175
90226
90257
90365
90387
90422
90593
90603
90604
90610
90637
90700
90844
90853
90854
90894
90911
90936
90938
91058
91077
91081
91136
91141
91174
91237
91262
91277
91368
91418
91517
91617
91701
91723
91750
91912
92008
92041
92306
92309
92337
92433
92577
92673
92710
92802
92827
92885
92892
92941
92956
93044
93081
93174
93234
93238
93541
93582
93666
93697
93709
93718
93835
94115
94252
94326
94365
94465
94613
94669
94750
94786
95057
95075
95102
95227
95234
95260
95433
95503
95514
95525
95547
95556
95630
95647
95689
95820
95979
96089
96192
96228
96246
96268
96329
96332
96349
96436
96523
96567
96757
96806
97026
97320
97427
97480
97508
97513
97523
97530
97550
97575
97590
97801
97829
97846
98036
98087
98162
98188
98190
98259
98389
98511
98519
98569
98753
98826
98943
98946
98947
98968
98991
99090
99110
99213
99269
99336
99343
99392
99416
99419
99459
99498
99809
100023
100127
100128
100315
100316
100341
100521
100630
100649
100756
100774
100903
100918
100927
100996
101026
101092
101099
101122
101172
101187
101193
101222
101363
101536
101614
101728
101805
101860
102157
102279
102332
102431
102439
102541
102555
102671
102781
102792
102830
102958
103249
103252
103732
103815
103829
103988
104138
104168
104194
104234
104261
104277
104463
104517
104666
104766
104783
104783
104904
105084
105456
105470
105665
105882
105918
106115
106154
106284
106347
106384
106611
106795
106857
107030
107061
107086
107086
107385
107431
107434
107465
107554
107589
107883
107918
107918
107960
108101
108146
108156
108228
108241
108253
108468
108481
108666
108684
108758
108818
108860
108883
108908
109104
109163
109167
109319
109400
109415
109427
109561
109615
109636
109638
109705
109724
109733
109765
109881
109955
109968
110044
110046
110087
110093
110107
110721
110800
110921
110938
110970
110988
111303
111515
111598
111611
111622
111690
111890
111972
111998
112019
112136
112200
112467
112585
112644
112819
112906
112959
113119
113607
113609
113611
113624
113625
113631
113865
114103
114177
114243
114858
114923
114959
114989
115203
115246
115358
115370
115399
115484
115538
115763
115893
116284
116291
116307
116310
116573
116709
117056
117076
117095
117185
117327
117393
117432
117480
117619
117623
117631
117796
118006
118015
118023
118190
118203
118230
118412
118557
118721
119000
119063
119209
119320
119436
119688
119693
119895
119908
120139
120183
120340
120366
120514
120598
120641
120745
120829
121086
121367
121822
122034
122213
122219
122396
122402
122411
122425
122563
122692
122727
123018
123018
123144
123184
123196
123214
123482
123570
123791
123803
123843
123980
124108
124429
124478
124736
124772
124924
125033
125099
125110
125116
125132
125208
125347
125427
125431
125647
125667
125708
125778
125847
125919
126230
126236
126245
126366
126553
126559
126701
126787
127068
127073
127225
127322
127479
127480
127758
128021
128194
128330
128391
128489
128618
128722
128933
129116
129281
129447
129643
129922
130132
130264
130292
130298
130339
130351
130386
130387
130705
130710
130749
130777
130939
131880
132220
132224
132249
132542
132654
132842
132891
133042
133120
133420
134040
134072
134499
134549
134829
134858
135143
135618
135690
135742
135774
136080
136135
136456
136570
137072
137155
137364
137410
137444
137532
137559
137589
137698
137760
137807
137904
138011
138463
138704
138816
138959
139001
139047
139053
139341
139757
140039
140142
140217
140454
140909
141014
141254
141331
141376
141993
142032
142103
142133
142206
142373
142484
142597
142708
143031
143044
143049
143085
143096
143101
143601
143768
144012
144074
144151
144202
144363
144428
144665
144703
145291
145310
145440
145670
145865
145901
145931
145986
146015
146590
146738
147065
147097
147283
147413
147710
147977
148113
148375
148383
148485
148844
148966
149018
150092
150347
150396
150438
150448
150554
150611
150684
150793
150851
151235
151287
151593
151608
151685
151956
152074
152169
152194
152453
152595
152921
152934
152937
152975
153363
153547
153596
153637
153692
153942
154003
154018
154045
154318
154369
154406
154414
154465
154477
154523
154567
154649
154771
154853
154999
155083
155175
155503
155686
155719
155762
156039
157044
157519
157756
157998
158250
158296
158320
158359
158585
159088
159275
159383
160055
160160
160347
161319
161943
161957
162206
162439
162514
162964
163010
163326
163378
163759
163996
164054
164422
164474
164679
164844
165026
165192
165372
165504
165531
165846
166069
166507
166566
167070
167501
167550
167904
167914
168319
168929
169343
169594
170023
170028
170326
170416
170422
170885
171454
171718
171793
172114
172142
172321
172775
172779
173036
173121
174058
174140
174828
174832
175017
175115
175761
175944
176006
176182
177448
177636
177965
178497
179038
179079
179465
179532
179586
179665
179914
180115
180151
181163
181218
181271
181492
181497
181779
182070
182500
182597
183166
183665
183791
183880
184143
184189
184481
184509
184869
185191
185209
186000
186289
186648
186995
186997
187023
187242
187770
187842
187865
187940
188533
188554
188602
188605
188763
188980
189053
189215
189230
189637
189746
190537
190688
191406
191549
191651
191891
192000
192382
192641
192688
193117
193532
193652
193670
193835
193852
194151
194653
195152
195873
196026
196332
196719
196833
197323
197480
197772
198123
198250
198423
198589
198776
198957
199060
199497
200132
200389
200421
200659
201337
201752
201950
201977
202010
202088
202402
202608
202688
202834
203142
203170
203537
203690
204368
204863
205039
205130
205666
206251
207957
208369
208411
208439
208687
209233
209440
209444
209507
209521
210411
211066
212222
212504
212696
213114
213171
213334
213365
213601
213920
214034
214527
215414
216342
217002
217876
217901
218110
218217
218427
218790
219311
220661
220916
221100
221737
222326
222413
222459
223603
223773
224428
224774
224846
224871
225234
225431
226177
226298
226716
226930
227501
227936
227982
228750
229528
229988
231376
231493
232452
232566
235029
235159
235264
235375
235390
235929
236010
238131
238782
238887
239406
239908
240391
241282
242111
243506
244071
244662
245259
246201
246387
246654
246655
247298
247989
247991
248756
248942
249071
249224
249584
249766
249856
250032
250518
250882
251104
251532
251647
251999
252245
252271
252347
252792
252969
253112
253144
253536
253846
254602
257174
257645
257671
258757
258807
260420
260847
260918
261110
261190
261842
262573
264136
264969
265344
265846
265886
266012
267508
271647
272337
272424
272452
272694
272808
272880
273506
274717
275023
275750
276964
277150
278013
280437
280582
281110
281858
282450
282950
283319
284677
284786
284851
285274
285586
286585
289201
289568
289625
289671
289977
290798
292179
293526
293955
294553
295056
299257
299310
300716
302142
302297
305047
306206
306421
306450
307952
308242
308314
309626
309835
310430
310565
311186
311727
312588
312662
313247
313438
313950
314081
315332
315859
316970
317136
317366
318769
319114
319592
319974
320680
321595
321721
324025
324464
325753
326957
327198
328297
330539
330681
332088
332384
333907
335031
335056
336686
337620
338937
339240
339240
340020
341621
342216
342306
342562
344522
345033
346185
346654
346774
347572
348943
349270
351556
351936
352859
357767
357819
358661
359037
360644
361120
361969
363240
365418
366761
370809
372123
373422
374706
374801
377061
377407
378884
379555
381277
382242
384038
385823
386077
387061
387422
390481
390641
391230
392444
392945
393871
394023
394160
394732
394937
395516
399735
403759
404934
406840
406967
407636
408055
409111
410005
410364
411145
411411
412731
417356
420614
421283
421689
422408
422726
424787
427890
430714
431088
431788
433956
435794
435986
436932
438295
440123
447048
449258
449325
450126
450327
454855
455124
456044
456356
456461
459805
461312
461513
462956
463556
463700
466101
466101
466292
468946
469958
470201
470804
471836
473251
475101
476725
480801
481000
481926
488124
490184
492637
497593
497961
498780
501175
501199
505271
507524
517540
517780
519144
521961
527681
528140
532419
535298
538377
539164
539715
540198
543942
546429
546854
548288
549549
551278
555230
555878
555911
557875
558457
558874
563545
563948
571827
572149
572772
576648
576914
576915
577139
578156
578337
585994
589831
591159
591688
594255
597130
603687
604269
610271
611739
612356
613776
615835
623891
627132
627348
628441
628749
631973
632069
632552
635509
637790
645623
645771
646025
648034
649352
649452
650896
653637
662387
665915
666251
666322
669770
677869
684190
684318
686647
687890
689050
689961
690584
692602
696726
700206
702632
709358
719332
719867
720119
721406
729139
729164
743307
743386
743601
744526
750340
759602
759718
763057
763168
767531
769897
774477
781129
792823
803788
812819
818339
822319
828402
865672
874433
874974
882364
889675
900440
903039
917252
939101
949018
952036
955010
968475
968823
973047
984336
987717
995652
1001985
1002129
1002592
1019022
1023674
1027655
1031330
1031573
1034081
1049516
1052678
1062065
1074168
1089958
1093499
1108647
1115773
1116513
1137376
1154508
1169601
1171209
1171633
1179720
1199193
1199275
1218497
1246133
1299446
1338144
1342429
1343091
1358318
1372763
1374808
1380437
1388904
1390581
1399814
1400646
1407737
1417742
1441007
1446715
1468797
1478118
1508225
1569315
1570378
1590668
1598227
1642245
1718433
1733846
1742123
1837970
1843459
1871185
1871351
1878129
1881977
1952029
1963460
1980242
2000001
2035307
2054526
2069266
2110694
2202016
2207812
2373255
2392897
2416920
2443490
2537421
2711903
2722475
2757807
2776125
3043589
3087010
3102644
3152825
3229883
3268513
3398362
3512192
3692570
3730212
3766207
3811512
3950437
3953191
3967028
4184206
4394585
4612187
4837248
6023742
6493177
7102602
7421228
7480601
7734602
7787832
10021437
14608512