RANDOM!
6566
8315
5643
3261
5120
4803
7144
1644
586
2116
1795
3335
2248
9916
7374
4200
9399
6024
1811
9511
9172
3298
7722
738
7617
4206
8219
5325
5458
8193
5451
6005
7003
9142
7763
3211
6170
9263
3643
1574
5115
438
2780
2757
6660
7126
2330
3274
4155
4942
9877
5854
7469
5587
408
9641
6698
3670
2563
8299
5778
8809
2139
6327
553
5966
5964
7007
7632
6813
7172
8613
6029
4286
4675
9335
262
2913
3949
1726
9802
4950
3088
8411
4419
214
6106
657
3154
2062
6679
3359
8683
7801
5290
9321
7058
2065
583
1428
3252
564
7111
1192
5761
5303
6277
2522
9762
1279
5312
6291
6877
8471
5422
1479
345
605
7207
7606
2288
91
2225
9461
7423
6944
6428
69
9223
9258
1790
3813
5948
4823
8560
674
5915
5875
4026
6746
7763
7238
7179
7196
7742
6062
6253
3609
7929
7973
5276
8987
8444
9132
9997
9999
9866
3859
5277
1113
7064
9811
7970
8256
2885
7662
9178
6739
1424
5596
8446
6236
3551
6954
7449
3123
4373
3011
2718
8844
841
4337
1705
468
6267
2693
200
4971
6015
5132
6869
447
4686
9824
618
2797
912
141
4594
5624
9338
6025
6511
6686
830
6526
5394
1827
8925
2245
5851
8627
825
7025
4177
7063
3129
6122
9619
2126
3461
8723
7953
2084
359
5280
511
3510
6604
3596
3607
3974
8415
5776
3658
6839
8711
137
2715
7457
8248
5971
7290
8792
9395
6834
818
8522
9467
8512
3918
6670
5837
1137
1843
3251
7641
4989
1347
3731
7377
4922
6982
4030
7403
3440
6001
7089
6757
140
6316
631
9804
9424
3356
6927
863
8190
7116
8522
4219
1783
3923
1473
7645
1194
7809
9970
7735
4428
4025
7239
9567
1552
9125
5825
139
8233
5559
1960
6311
9362
6287
1837
8149
841
929
420
94
1318
7167
994
6846
1563
3590
273
11
9225
3530
5420
9572
9696
492
1953
6566
4540
5472
1887
2233
3313
8612
9626
6673
5964
1027
6036
937
3020
4013
3041
2626
3562
2588
6352
9263
4296
9084
898
6240
7353
2635
6296
6384
5034
8602
6868
1419
5176
8496
8356
4997
3150
8937
9357
9075
6021
564
8900
664
189
1931
5041
7804
3531
7488
7873
1413
1306
8252
6425
8601
7627
9619
5475
675
3189
2443
7514
4897
3330
9841
5851
2140
1880
2817
280
5424
5858
7269
8791
2849
4179
5145
2914
537
1566
3752
1613
9814
1761
2908
524
213
4257
2610
8634
5431
1350
8921
3865
935
8598
2506
5760
8519
1758
6771
5578
4772
6221
9963
6551
614
1608
1480
8476
1612
4040
2943
2802
9776
3257
3813
5979
4893
3649
9058
774
6424
1889
5409
9547
2442
5851
1191
8480
9752
2081
3608
2978
2379
6029
8271
2545
473
8035
4709
2685
8177
5359
9120
4520
8568
5714
9611
5962
1406
127
7217
2259
9945
9763
1542
1570
3260
8806
8732
8575
6072
5799
2071
7663
5027
9260
9604
4940
1828
4261
5170
3159
9518
8671
6665
9091
1694
7584
5091
2655
9870
7685
8827
7801
6085
6225
9115
7374
1918
4361
1918
2597
1601
9897
6862
8501
3610
5382
8413
7181
2495
9936
5647
8793
6503
5974
2445
6955
3126
4443
5368
2663
8233
3104
7174
608
8176
5901
7122
9066
4558
1427
2931
8094
6269
3126
3329
9256
2496
4733
1817
4716
9355
7045
7076
9208
721
2869
3087
9383
4189
8777
3041
1712
303
2602
6594
5762
2893
2945
6449
8300
521
106
5489
2264
1753
2074
7733
5921
3744
2516
3117
7354
683
5656
1494
612
8953
5032
4760
8043
3318
4001
8108
6559
3411
8541
2851
9584
3286
7214
4447
5737
1437
6588
2299
5358
6567
215
4512
6521
4368
6382
177
2115
2765
4830
1452
1127
2217
7972
4850
7094
8167
505
514
3041
5745
8979
7041
7436
7839
6889
7469
8456
3378
8236
6645
7418
8802
4673
4624
5424
8065
6614
6744
3568
363
7988
8835
3925
8541
898
3387
2647
9798
4641
9142
7685
6589
7419
8585
9685
1775
1898
3700
1016
12
6136
799
3733
6890
1409
4700
9415
909
6468
1901
238
9874
5337
5564
6756
9458
7211
4686
3214
2774
914
5061
4648
9997
6092
3606
2715
1154
6078
6919
595
3211
5681
649
7286
4099
9286
6504
6762
6404
34
8589
2971
9662
1381
9058
1984
7939
1790
5889
1339
6453
7136
5802
1551
5278
4683
9127
7262
7218
6771
8754
9093
7396
3757
9535
8905
284
5576
3162
7902
6458
6533
7858
8597
2968
990
2014
4229
1512
6931
6242
7797
500
2124
5708
413
338
770
2488
7773
3326
8657
6428
2232
9146
4696
1184
9748
7105
7792
4186
4481
4959
4932
7660
7148
2960
2885
8241
4432
4818
7315
4051
3167
3284
4808
8518
7521
4635
9937
6643
5749
1549
5179
7701
5349
5563
2723
993
7191
8107
5044
8273
5008
5929
476
1157
7552
1762
6687
5149
549
5426
8509
1946
4243
5651
6391
5712
7260
2676
795
2654
9417
3710
6595
504
8569
6775
5779
5322
1214
932
5672
4583
9620
2992
9855
4630
9423
696
39
2796
1045
2181
6249
7346
9696
6891
4933
7998
1314
8995
1813
6204
7142
7139
5845
752
3134
2907
8071
1361
4994
5402
7443
5529
9228
5209
6644
4897
4572
5260
3902
5321
1513
6250
5710
1038
3250
2617
9270
9910
8770
6521
8458
3668
8887
9874
5237
1032
9225
1835
2989
5084
6133
7651
7571
5204
8257
6430
5440
5034
1171
5261
2963
7960
9718
7607
9694
8285
3520
3903
4256
5186
5997
2598
7405
1932
2392
2315
9411
7295
8928
5761
9454
4828
4207
8394
8918
982
750
840
430
69
3232
9045
3338
3909
7479
424
8814
2014
9001
9257
668
5864
2540
4579
1675
6295
6818
1425
8388
8335
3004
987
5271
6992
8950
5955
5129
834
2997
1951
4908
228
8489
9856
528
5129
6137
2528
3436
4048
6836
7019
8832
3459
7126
7834
9171
7265
1521
5445
8189
8033
5639
4136
245
8705
1795
4737
2714
2223
1961
9275
8476
6697
3046
1721
4046
2259
9608
1565
8462
1566
7922
3885
3305
9248
247
8555
4793
5204
8563
7333
9297
862
8304
2216
3529
1186
8119
6034
1295
2584
5844
3884
7526
4033
2648
3993
2724
1748
7464
8040
9066
5819
5306
7987
8933
917
8478
5091
3105
9144
1480
7710
7629
1343
6278
6151
4734
3200
3905
8734
7306
8403
1753
249
6349
5764
9826
7192
8575
1326
9529
7437
6202
9312
7040
9692
4336
8949
4575
6638
4670
2021
5625
6545
6740
2948
662
1866
450
2753
7977
411
1892
9186
6968
1713
3591
2915
223
3551
4254
5785
1304
7456
2922
924
4764
5581
2707
9565
7443
6952
2058
2190
5833
4886
8083
9216
9653
433
4099
9501
862
9692
5747
3269
1903
9974
4123
2834
1591
5790
3753
9974
3807
8736
3571
3852
2322
2599
9524
7365
1162
8419
1476
5111
5403
2466
8957
734
6970
5973
259
5902
5244
1005
708
3729
9618
3123
7329
2410
3787
1605
3911
4079
9354
8160
6955
4718
7220
615
2724
2388
9942
3769
7878
4029
9514
9957
250
2465
4926
1625
3581
8170
7890
7632
5890
1506
6709
284
9329
6718
6671
5869
871
2187
1717
7507
4704
463
871
7202
5986
4548
6588
9852
567
404
4896
7665
1359
6252
7663
2352
7035
8976
3755
647
6286
6245
5558
2935
2690
898
4692
7190
4698
6360
2693
8132
3680
3420
4952
4566
7164
690
5918
5405
9456
2182
8925
7854
2574
8427
7881
9034
2419
458
8761
8328
6951
5879
996
8700
4392
4890
1308
7287
3179
7831
6298
1647
213
4212
3593
4584
608
4302
2102
8195
6576
3700
4972
2224
4704
2210
4085
7017
894
250
5582
7485
7490
1671
2238
4709
538
197
5330
9485
8496
721
7765
3842
8348
1912
4115
7165
5930
5753
7481
1734
2290
2816
3139
2814
6024
8449
2388
3718
5496
6522
6304
9851
2788
1771
8565
6826
3971
5430
8778
9207
2164
4924
678
1661
5050
2893
4325
4945
693
2411
8113
2834
3214
2802
590
6130
2219
9650
8289
9722
7363
1626
8369
3550
8987
9143
9687
2158
9224
3496
6250
4188
6605
8193
1936
6887
8498
8669
4629
8285
18
4630
1191
5532
6072
7427
7687
4866
618
9382
6778
4239
8849
9969
5797
1159
1593
6312
5050
6162
8046
3364
4605
1092
4013
7348
8470
9720
191
7928
372
7913
8994
37
692
5207
8070
6531
8168
2546
1179
1359
2192
7108
8079
4383
3784
5026
5198
8054
2943
3804
7859
4987
4082
3772
1382
9028
3524
6151
2627
1461
453
6537
4316
8826
6428
2104
8035
2778
4566
9716
1610
1507
2219
1685
6542
3475
4356
6354
9827
6393
1669
8770
9852
6618
4927
1682
5595
4596
2873
1416
1636
5874
5738
851
2135
4639
1196
4273
7837
5311
560
7766
7530
997
6716
7803
5484
6127
8422
4305
6685
4784
4559
6856
8139
436
5782
4269
1125
4371
7391
7956
9201
8372
201
6137
9796
5701
2991
688
564
7740
5936
8008
9415
140
6442
713
3098
514
2412
9426
6353
3767
2448
9273
6901
1549
7340
3389
1865
7091
7095
9198
359
3126
6032
8720
2230
6673
4762
9119
5631
4062
203
3849
3407
7279
5368
4377
6439
4995
2735
5004
579
7899
6624
5117
4312
6216
167
1756
4285
1548
7166
5867
3908
2300
2172
6886
4314
8419
6245
4080
1833
7870
5103
6976
5195
5823
7452
1304
6505
6079
3227
8436
1494
7213
6275
1976
4035
5022
6001
3296
7686
4719
4940
1918
9756
6528
4839
1206
7208
3064
3786
9079
2370
1022
1446
5323
7816
7499
4046
8416
4217
7276
1335
5109
9586
1290
3431
9104
7191
8115
753
2500
7842
8023
6909
3022
9811
2643
3260
2709
5453
2556
1680
8381
8634
7511
1019
925
5195
7637
8265
6467
3175
4174
82
1932
7819
7304
9428
4808
5818
5071
3615
9916
9798
5858
7071
2014
5008
9348
7110
9714
2921
2591
7578
3648
4900
3025
2502
1421
3100
4516
165
642
4403
869
4718
6405
4214
7797
6569
8879
5058
3712
7769
365
430
2435
8424
9429
2625
467
6564
8784
8868
9521
4967
8865
1532
5131
9886
472
6374
8147
9060
9653
5336
2810
1952
2572
5212
855
508
6890
5736
1903
2785
8963
5950
4592
7704
5254
5204
2144
9804
8740
1167
8037
5729
6530
7792
165
7508
7598
5566
8820
9582
3638
8764
9719
291
992
3655
8280
7330
1754
7997
7316
5611
6550
2824
978
3610
5041
3133
6135
4093
1776
1046
2333
1173
4226
3245
1651
6635
4555
515
8234
6419
7484
1211
8945
127
1168
3613
2664
4017
2795
4988
2086
6031
1064
8972
8970
2623
4611
9097
6344
3211
6215
1143
425
1479
2172
6505
5220
2352
9292
2103
6991
2256
9245
4434
9268
8444
6037
2813
7576
8816
6783
4659
495
4678
7045
9362
5829
9499
1011
7164
684
3199
7907
8963
4311
6210
6928
2925
7053
3556
5692
4395
3546
2773
9995
9311
4361
3930
2322
9407
8260
8313
3243
8542
720
6441
8376
4307
4897
6525
8510
7040
6867
5515
9391
4354
281
6076
5955
8490
8627
6826
4448
3601
1004
8325
7376
5967
9763
1135
6913
7550
7634
967
1353
2098
7469
4318
6285
5609
8167
625
8127
9691
2405
8043
88
2115
5021
3046
309
9881
4960
9590
3852
2699
5409
9118
7892
8294
5921
4613
6846
1745
7443
7625
5163
9780
7193
945
5766
2214
8992
1508
6198
3562
1114
6438
66
5040
2431
1596
7627
348
579
1405
1747
4905
9198
1536
441
8038
5424
792
5358
6885
7777
8139
9555
8042
6454
6077
4614
613
9059
7911
860
2075
6350
4273
8080
1411
7865
1885
4201
2517
1676
617
544
3461
3570
5374
2751
8655
439
4350
8253
662
6883
6872
7949
3920
3421
3201
4809
4596
8787
5190
1287
5449
7703
165
5115
1815
5879
878
7662
9363
88
1642
5092
1728
8413
1419
3005
378
4335
9928
8500
7884
8693
1481
6433
8998
1610
49
2576
8719
6381
6019
4029
2203
2448
1942
5187
3738
9209
427
8399
5229
7733
7938
5801
3175
7996
4332
7004
3089
7985
630
1322
6330
1951
1947
9804
9379
8607
6296
5107
2045
6350
6522
6329
8554
6585
7501
9018
5445
1770
4825
1005
6069
915
629
9583
1596
6194
945
5178
1559
9241
137
9106
2839
7427
5222
8738
9618
4630
3107
3497
4626
1807
1449
1095
6656
7087
3819
456
7084
8445
4186
9998
6179
9737
5999
4596
5414
7979
4063
5414
9118
8425
6576
4420
9890
4341
1767
8057
1084
2411
9379
8782
3135
6016
6530
8109
2240
9259
3980
2313
4079
4486
6697
8525
5090
8646
8791
3482
413
1416
4674
1751
3018
4348
6291
7792
2836
7708
4320
73
5167
4983
8206
2195
4315
2136
1170
9488
2361
4862
5689
1359
2539
9484
8400
6585
4231
4817
1055
9258
6095
6286
9433
1227
5867
2758
1680
6079
8387
2539
692
6062
5675
6306
3789
4607
186
7888
5340
7542
8645
6287
9538
58
4708
4825
8804
3122
1524
7283
2373
3106
6711
608
4481
4684
861
9835
1002
7125
8232
2271
3972
3970
6284
5710
6209
7783
839
8599
4585
9659
480
6592
5800
2857
6346
7866
6041
5031
5390
3950
1996
1427
5501
5079
8611
7573
5263
4995
9351
2068
5256
8446
2980
4363
6992
4948
9967
6765
3207
7469
1245
4880
7800
4117
2972
7783
6515
9777
1303
4455
2695
9475
3656
6949
7184
412
8893
9256
210
6076
1544
9763
3096
6355
4734
288
7887
3837
7676
2007
4209
9104
3717
5851
8247
2803
7035
2398
3368
4712
8008
2249
1803
3119
8070
5461
923
1375
8194
7310
2217
9786
266
9343
5579
7462
8856
8684
3188
534
5411
1092
4226
9836
4726
4901
1788
2256
5748
1914
1402
5788
1815
9597
9476
6513
269
8656
8253
7090
7524
2583
6616
3306
9318
6923
1496
5312
3727
7883
2065
6457
1541
7856
1527
311
8128
735
757
7299
7497
9381
1274
1324
3579
6681
5831
1623
6997
4452
9365
2262
4084
5214
9521
2434
3645
4821
9020
2150
839
9488
643
9836
3559
6857
714
9565
9081
6771
6589
3928
6362
709
7252
5777
2877
6395
1547
8920
6844
411
7536
3310
9381
8961
2703
5902
2342
2950
9455
5887
8625
614
7520
3619
5404
7090
2532
3786
2409
6900
356
6680
5583
1592
3577
3520
8961
4282
5090
5139
1004
3845
9107
5445
6528
4193
9600
6657
8707
8709
6874
3797
974
4411
7526
2578
2527
6091
6207
7240
142
9111
8425
4062
6356
8534
6600
6977
7959
6516
7165
9903
4618
6023
2396
207
775
3209
2228
5125
2754
9406
165
440
9257
9260
2025
2722
6583
9163
8158
3768
2294
7913
9928
6420
6150
8745
199
7960
9305
1646
1756
9720
2959
2282
4538
8036
2860
7429
6468
81
9893
2233
1441
2756
6197
8144
1473
3293
9925
3768
3891
5550
7778
890
2866
6769
5574
941
6002
7304
5521
6398
1209
2507
3102
6642
7683
8498
1259
2209
5271
1859
4224
3668
5388
1568
187
7224
3645
5044
1147
8972
341
2576
2086
8262
6471
1578
7051
7286
5717
1521
9155
9760
3067
5234
8080
9581
3636
4727
2132
6394
6756
8466
6962
9991
1495
3641
4489
7616
5252
4277
2520
1876
2930
1988
1150
9532
52
8793
176
1277
8424
5273
2200
9063
5186
4892
5242
5169
3959
2378
1681
4550
8960
4541
6424
7039
1269
6046
7468
5043
1341
2238
8452
8281
1779
7738
200
2181
2374
660
4242
1498
5214
7328
4265
4087
9753
2482
6308
1032
9793
6345
7788
6704
8914
2534
8053
272
2483
3920
1477
7208
8241
5457
9786
3321
2878
3109
1224
3363
774
6425
240
9884
650
9281
2428
3168
5469
7323
9615
1472
7245
4722
6634
708
7139
8405
5349
5900
8686
6271
2913
8797
819
6390
1743
4986
5676
6546
8033
8869
2971
9131
8720
4811
6107
6467
2372
7996
4490
6534
4509
7643
9464
139
8330
6755
4417
2711
2731
953
2663
4160
6369
3294
6083
7635
1685
1907
5088
7930
2909
8830
7846
5344
6656
6799
5569
6531
1679
1621
3588
479
9746
5929
974
7623
6026
677
5132
398
9569
4486
9825
9055
6737
1335
860
2303
6825
9808
9642
8220
2659
4292
6091
6886
5748
2085
1931
6962
7229
2833
8886
5828
5844
4698
9604
812
6653
1165
4907
226
937
5431
863
8946
6329
5555
7157
6765
3627
5620
5432
6373
2608
2403
8539
8987
292
2335
6162
3513
6588
4431
2316
8829
365
4050
8550
998
9341
6369
9519
4597
7349
2556
7663
9042
3138
2482
6559
8749
5184
5470
6142
2222
7136
9924
2487
321
2707
3515
718
750
5964
6416
8368
785
7587
5558
689
1582
4002
8645
9767
4928
5754
9250
187
7057
7269
431
7631
1485
5070
5777
4819
4927
399
9711
2408
6071
6875
6866
6688
2594
711
8213
1057
4189
5800
8750
2319
4260
4943
5789
5218
7295
4999
8116
3393
1126
7316
7301
5422
2608
259
771
3454
7996
8258
3632
219
4844
7428
4668
8874
349
3180
5716
5343
5946
8494
8567
139
1643
6205
3541
8105
1930
9067
4024
7499
6133
6006
7885
4266
2790
5276
3744
8609
6837
8231
9350
4572
5054
3097
4247
645
2447
7124
794
6564
9679
87
393
5593
7167
1631
3804
3231
6117
285
9469
3196
6122
8296
4971
9056
7258
6940
807
7416
875
1276
9686
9323
5040
6349
229
222
773
3634
3765
9946
3311
9186
3882
8955
1864
6662
632
6898
9376
308
5995
5701
6249
5439
7361
8161
2966
7996
309
4785
9023
1019
4658
2892
9999
2934
9705
400
6743
7463
7104
598
3127
1736
9226
2234
6755
9228
8408
7982
8728
7338
8030
8905
5167
7606
6987
919
4300
587
2309
604
5776
7305
5906
9216
6586
9663
5933
5384
1568
739
978
8259
1505
1546
3214
1540
2876
1727
1781
1777
9396
8139
8018
1974
9890
266
4410
2567
7298
4427
3281
597
2942
9248
149
7674
4891
6038
3454
8744
3471
9011
2179
8147
3047
4739
4195
6276
8234
7261
6089
4700
4827
1547
4402
7311
2747
3025
222
4273
7723
9040
2937
3517
7989
9182
8293
5793
3224
9099
499
2519
9567
6782
4203
7209
6044
9252
8597
4463
9515
2014
8830
423
9156
3331
6784
7570
8120
8818
3574
9601
9428
7158
5146
4533
4780
9024
174
7739
5507
2404
7120
800
2546
9665
5100
5112
5600
254
9694
7444
6488
9217
186
8909
8254
3058
7335
461
7889
299
4852
264
8921
1621
8458
5735
3942
5330
9815
6047
119
6784
9919
9259
8041
2079
7034
2827
584
4783
4440
6243
4342
3193
8121
6679
6538
7880
6006
2419
1727
1546
8733
4893
1576
5603
2506
734
3644
3230
9077
1696
7567
6231
7560
6079
5888
5628
2051
3716
320
3305
3677
6873
1278
7563
7210
5902
4854
8488
1221
2744
3853
6288
5660
9468
7010
8947
2837
7724
7504
9461
2028
3775
295
6763
6948
5254
1088
5827
3535
5366
6390
929
4845
8610
3127
4979
9416
6943
4118
4412
9629
6814
4370
2993
3469
5546
8149
344
4061
554
6285
8447
9214
9596
5575
3769
6724
5876
2283
398
9731
9088
5210
8031
6567
6192
8531
6008
3774
1765
7056
273
9603
6348
4947
9877
6144
3045
4087
9110
3382
9957
5250
5089
1970
872
7238
2734
5524
6699
4673
4927
2740
7833
5994
3297
796
4333
5534
9633
2325
226
476
2208
8264
6905
102
9326
5013
4158
7569
8373
4665
4196
8753
3493
151
5909
6225
7674
7430
5324
9928
5533
8175
7941
4715
5993
8973
4433
8444
6545
2375
9005
301
8249
551
9889
3669
85
8298
5540
5732
9230
4012
1476
1169
4682
9716
1480
808
6969
3934
9656
2969
9704
8391
2464
951
3421
5661
7701
2109
9490
2474
7960
7550
1355
9832
5590
3505
1436
9533
9794
3841
9623
3856
9240
4176
4526
8092
932
7924
4745
4268
5661
9204
3177
2805
6293
106
1626
3867
3977
792
1453
2322
6660
748
6056
5698
5091
6520
7514
4532
226
1143
1880
2261
1373
5333
2459
2972
2209
7475
3124
8291
1862
8369
2916
6015
9824
6356
3446
7850
7850
368
9250
7444
149
6984
4610
2082
6812
6466
1097
87
3279
5342
1842
3161
2032
9532
8581
6064
2091
561
9980
4420
9927
9774
2229
8544
4301
5676
3053
6372
9698
2787
4198
8829
2209
6083
2596
2756
361
9166
6123
596
1638
3956
9180
6221
4942
2689
4796
5218
1680
5816
7131
5033
2109
9927
5389
2059
2837
6174
1678
1537
9538
631
8191
7131
1800
4669
4752
357
412
4356
1127
4600
9225
8477
2283
8572
3372
1554
8405
4903
1709
3059
7419
6784
528
7580
8793
9004
177
2927
2866
3997
9941
7180
7589
5400
8837
9108
1271
4827
2476
145
5791
2828
4935
6590
6268
3951
105
3294
1917
6508
3277
2691
4273
235
8482
5130
755
3293
3874
6425
9131
9641
126
2046
4323
6174
6056
9246
2308
6047
2687
6205
8892
1677
3018
2051
7817
2927
7978
121
4462
300
6291
5520
2181
2678
2606
1812
5618
212
9525
9379
9090
8045
545
3842
8723
4001
1759
5671
8030
9566
3118
6973
6321
3543
8975
3526
5023
3029
5174
4174
5938
8355
340
2688
2380
666
953
4802
6930
1378
3024
5271
6415
5409
844
7642
2390
1477
6072
2619
5328
8923
7788
6741
314
8619
4730
3789
5940
8734
4609
6915
5974
4135
8652
2601
6844
6444
8419
5207
1021
6016
2182
9315
9091
5001
7383
7001
3803
2989
142
7304
8971
30
3104
9846
9482
9215
6611
1983
1091
3119
9040
8240
6080
2694
3557
7199
9768
8070
6437
5622
7821
2628
845
1022
8177
4600
4590
5316
5178
3625
948
6310
2872
4536
5714
6420
6043
4259
4653
9809
3260
2039
8040
8478
796
6953
8502
3062
2192
470
4102
2894
1308
7480
6251
4633
1617
9689
8937
9686
5107
4261
2378
5793
2288
9414
1207
6266
437
3833
7963
6597
844
3294
238
7687
3749
8021
8135
7943
901
4934
3286
4024
8183
887
658
4454
5022
8669
43
8440
2626
6558
4511
2316
5442
5046
536
4290
706
6752
5444
5098
6071
3032
9382
7604
4409
5556
864
4035
4892
6971
3968
1471
9251
4447
5742
7668
8806
2329
1853
8204
5843
8655
395
9891
6526
8948
8695
4831
1090
7941
7081
7383
5352
8861
3838
1520
2215
1144
1354
4627
4797
3504
6184
8633
3540
8458
2343
6414
5810
4213
9468
5610
2578
5927
9878
1861
9197
460
7287
6669
1137
819
8015
4829
5418
7909
6681
8223
3024
9300
1192
7164
8088
1229
7278
6957
7353
7967
4596
4221
9357
8396
4991
7968
119
7895
5588
5816
6261
3802
6499
7488
3030
8211
7170
5453
2170
8804
6647
2447
632
4853
5095
3855
6048
8670
3696
8709
2316
9243
1824
9720
9292
9149
837
1449
3977
9232
8723
5964
8117
9036
6696
8434
1992
8218
4380
2675
461
6909
916
6920
5442
8762
8520
7197
3870
7138
3601
2988
192
1721
5136
1378
6506
2426
4599
5665
9215
9417
5773
9595
5660
2148
6012
8402
5777
697
4683
2149
9998
6518
6047
1405
6713
1136
1240
1933
4140
4608
3898
59
6231
4634
9241
3238
9140
7700
8284
5924
7134
3866
7693
3501
7419
8433
4271
317
4616
8550
8313
8332
3375
2573
8428
700
4861
6672
53
640
989
60
3887
7892
8182
2651
6025
3242
1735
679
4649
2456
9002
2567
671
42
7393
4099
245
8251
7534
5391
540
6646
9551
928
1999
9157
6171
1242
7318
2181
9437
2401
616
1044
648
1344
7507
6772
486
7091
8231
7130
5737
8270
478
4380
7504
7394
2687
2924
4469
1426
1835
1322
571
6877
9465
2717
7877
6156
9337
6756
6242
4774
1748
712
3261
6261
6925
9901
3302
1249
4795
3189
4773
5972
3258
5228
47
9734
4417
6500
6275
8358
3637
6339
6398
1232
2591
9462
911
5021
3635
6734
5786
9656
1603
1410
859
5829
32
1287
1221
4139
2824
1404
6188
1784
312
1408
4031
7952
5544
4050
6123
7605
2258
9971
9327
3662
3786
2227
7689
1722
3981
3165
2196
6033
8631
6882
2170
7799
935
9285
7379
8966
9715
6432
386
7858
8740
5093
1274
2051
6936
1595
6983
8606
1771
9567
6113
1683
198
6994
4481
5212
89
9541
1511
2876
761
1417
7560
371
7905
8158
8346
1844
4756
6072
489
2513
6806
3567
9408
4647
3425
6146
6882
7741
8371
1213
6047
536
6488
448
4369
3628
1412
1444
1326
1405
1495
4544
5760
9183
189
3463
6505
8868
1370
5973
1110
1251
2584
2817
5760
2353
6808
4657
8268
5136
4255
788
4535
7440
6891
2270
4371
9044
2262
2133
7250
8814
5724
3497
2500
3503
6878
8745
3002
7503
598
4945
6203
4295
1717
2721
6968
7047
7112
5429
3887
2004
3650
5506
1160
1739
3560
6128
9628
5699
7136
5033
8855
2705
8239
8108
2226
3335
3424
4401
6682
6593
78
4942
721
1685
1536
6559
7239
4511
9412
9004
2037
4784
7053
2883
5298
3886
6387
1456
8344
4919
7245
9460
1687
4717
524
5712
7357
9839
7884
1843
4740
3130
7052
9847
9148
3551
2124
1384
1659
8678
315
3153
9444
4417
6368
985
4803
7542
8045
9838
1919
7967
7885
3510
5359
625
7087
725
9040
7637
3286
7176
5797
3454
9721
1368
1148
6022
4833
66
8746
1598
2026
3210
1972
8130
5696
6175
5149
8589
3547
1249
4523
6616
4919
6757
3521
9415
1165
3674
1000
2743
5392
9946
615
1292
1660
6390
557
3170
8065
1578
2061
7911
14
8352
4998
9158
6233
8297
2370
8973
3969
9663
1896
2008
6543
5428
86
7484
8175
8934
5037
375
4912
9232
3634
2870
3099
8978
7525
6533
7724
3894
1520
697
1133
7128
6193
8663
2682
6574
3628
1708
2850
1140
2682
4316
1434
1763
108
8455
194
3301
2571
1610
9387
3255
3548
6226
235
7301
3211
7558
3220
4553
3191
712
856
9655
6460
3567
8424
5472
8039
4082
3967
3904
3136
975
6670
1896
7533
2701
8098
8305
5235
4865
8273
67
983
5162
3504
2885
6486
320
8737
914
744
8321
1165
3056
6113
2675
1904
7016
4645
5616
6403
1320
8716
8493
9927
1557
8857
3586
102
190
4993
7695
4168
2502
6529
1062
3375
6727
9526
2765
4729
7704
162
1628
7242
9819
6425
2077
6507
8973
6335
8316
7557
7439
7613
4632
6913
9388
2019
5768
4085
6288
5679
6562
5417
5129
1479
8053
2168
8284
8874
561
8768
790
4207
2847
4318
3740
2939
3963
4197
9121
208
4777
4420
5062
4389
7200
3270
9263
4002
3297
1437
9609
7770
9328
9046
2671
3983
3032
3013
3402
9792
4307
5559
4789
5385
9898
6495
677
8245
6581
4675
2450
2342
1472
1095
2578
7562
9341
4622
5880
3283
6573
101
3179
1014
579
9166
2450
4640
3946
8362
5931
9106
3836
1295
8827
9029
6555
8880
3724
6585
7384
4116
6764
9267
4088
3196
1453
2800
6112
6754
2053
5971
3019
517
6206
5255
4198
6560
284
9427
4179
383
6024
4397
3941
9629
2091
9098
7169
4077
8739
6228
5577
9366
4319
8363
2615
5722
6805
2538
3928
5806
6644
7470
3321
703
8824
4963
9476
8287
8049
9387
739
4670
8850
9127
7448
8050
259
677
9946
4120
6139
2443
3951
4103
5257
1461
9178
273
9036
5938
2830
6018
613
5519
9867
4394
4309
2409
3387
6815
8676
2742
149
9851
4902
5192
6680
5446
8120
8302
4523
495
1192
5600
9445
2553
1586
7551
1220
420
8004
1482
4956
2756
6718
3635
1441
7701
4225
3849
8045
4670
943
5348
4909
1633
6608
1863
4011
8183
6332
5782
9373
5636
7942
6413
1416
3758
1941
6854
4489
4399
5374
5613
4053
920
3792
1099
2878
4627
2110
3679
4106
3736
2791
2832
3601
5537
4581
5152
9105
8748
4018
3544
7055
100
1771
724
1048
8524
1648
9863
5465
5739
5706
4768
9325
6494
2089
8039
6821
623
4713
5049
6669
9802
2199
5517
1962
9725
4214
2350
6253
8496
2386
4378
5041
7209
6342
7780
6348
4375
4628
3089
5596
8381
3437
4606
8570
293
1247
5137
8016
6800
4684
7509
3380
2620
999
9544
2199
3198
5946
849
7386
2516
4909
2680
9762
5726
2554
4618
233
994
1199
3554
2998
2912
7473
9511
5311
3156
652
9147
5308
5145
6742
5907
2033
6042
9940
8191
4127
608
9676
2362
1143
1931
1575
7132
7437
1563
384
1335
9349
1325
2927
7111
8533
8485
5604
8292
9538
4249
5229
2380
9445
8928
5607
939
7861
4878
2139
7812
3059
54
7437
8626
2148
771
5183
185
4114
6816
3517
1451
5011
6130
9112
5125
2492
4909
1663
8064
2892
1970
4680
5397
7338
7438
207
5488
4556
3959
1392
3771
1440
2957
8733
4696
335
6009
8122
928
4123
5605
4394
1449
5986
1966
9762
4322
2337
9020
2910
9413
8114
6378
6860
4802
5903
6265
4658
1161
3509
3917
1708
8598
3069
1829
1271
8902
4164
6167
6193
7825
6051
4984
706
3104
2825
1840
5301
5616
5511
5408
4193
8966
8363
1804
5201
314
1265
2618
1491
5465
6580
3436
1150
7180
1826
1467
5569
6724
9670
9788
814
5504
6039
3368
6259
2669
7956
154
7326
1271
7345
2793
9831
3706
3825
8565
710
9971
6896
5293
5608
6060
8661
2148
7996
4430
9002
911
4040
4315
7935
7533
9882
3428
7657
3977
5673
5229
7299
9416
178
3189
3512
2718
3534
6470
9803
5989
2766
4461
3050
8666
3618
86
4861
9231
5141
9220
7986
3993
7526
9788
4523
3020
4618
4629
1666
1669
3734
1792
1552
4136
7646
8257
8763
7430
8451
1242
7878
1376
6839
2625
5167
6129
6795
659
580
2125
710
1001
5494
3314
3395
4082
3916
4943
5609
2502
6257
7349
9512
4760
8348
8258
4051
3968
421
5549
970
8009
7294
7913
2088
321
5636
3398
6870
440
1731
591
8914
9336
6105
5430
9464
2697
6730
2349
4495
7073
3346
8526
8419
5855
7924
3177
1307
4932
2316
3858
410
8427
452
1125
6217
1958
7740
3925
8819
5597
621
7247
3140
6575
1624
4622
382
4788
5003
1701
6475
6881
8299
2883
6559
7553
692
2804
8213
3004
4942
8328
8831
7568
4162
1262
2645
8437
6257
5162
3369
8932
4043
572
8855
3206
9273
5420
5028
2835
5703
5655
4467
8973
4488
5188
314
6600
4060
429
5095
6093
7105
7203
4465
1596
5339
4096
1051
3905
1456
1873
8280
2695
2199
2669
995
8389
9230
3827
6964
4899
3973
9627
8265
5136
3728
5915
872
665
2624
7566
7245
5051
792
2987
2593
6119
7243
4955
2713
8051
8933
2983
584
7404
8283
8466
9478
8726
5045
6570
2436
1028
3810
2897
6411
5495
7282
7270
5410
8544
1374
6496
8815
9417
6856
7701
9947
7808
6747
2355
5385
5963
7901
3250
7421
3375
4753
2730
5772
8291
4588
8052
1139
2349
3524
9468
44
73
5342
967
9372
7555
2197
54
8841
7389
7141
6103
8441
8630
7357
1781
3175
9998
8156
8322
5448
7231
3391
1121
8622
8305
1256
6350
3016
6547
6606
3038
9395
4911
8674
3798
7297
5174
7613
7849
3252
7220
8027
5519
7521
929
3153
1872
3017
8089
6570
5558
334
7086
1000
2334
2181
1215
9685
7720
6973
6153
9702
6034
2623
2622
9049
7606
5415
3806
294
7063
139
8995
789
5761
9794
6725
5515
132
8840
4199
7061
5708
4785
7954
7207
6156
5598
1160
2574
3851
2285
3216
6491
9640
2464
3201
6633
2329
2756
5668
9890
9675
2201
5930
5559
5450
8086
8533
5324
8953
1578
2643
5456
9062
4021
8455
3776
4116
4706
3071
4372
9874
5072
417
5066
4559
7420
2548
4234
6931
3918
184
1419
190
2497
1812
9287
9450
4051
7581
4430
9881
5223
3243
2122
1580
2822
6705
9692
8210
4844
304
7660
5117
1720
694
6926
9522
1782
1749
7823
1155
5403
1351
9020
5056
6466
1374
5743
2711
8478
9023
3513
8260
3868
6525
5465
9310
2154
2948
175
4509
2159
2311
2906
1516
1569
7988
6543
8319
7548
8837
2626
7220
2459
6320
414
4423
5395
2299
2598
5926
9209
4717
2177
5660
2313
755
9534
6601
1609
7364
4998
2708
5716
4695
2295
9507
697
7791
1819
4828
6283
4751
5766
3799
9202
1624
7892
5272
8886
7903
2077
2409
9680
7285
7013
2471
6805
9709
3879
5144
3239
621
7633
5682
6295
1150
8769
7459
1695
1926
6030
5909
6804
5356
1384
4360
3505
1657
7026
3787
8613
3303
4392
8396
6333
3849
3749
4079
4489
137
5529
5929
6944
8301
3459
2447
8542
1241
1253
5792
185
9558
4455
7111
4352
8303
6012
2158
7067
255
3579
9918
5509
2651
6503
355
5876
4191
6184
2316
152
9855
8334
4158
4259
4391
1842
1093
2185
9756
7072
5520
7617
6224
6893
4803
3855
159
9222
8478
3437
2419
4020
440
1809
3465
9544
1780
6058
3047
1960
8795
6489
8627
3336
2343
5117
806
3078
4675
6097
4642
5366
5831
8761
4994
1900
7582
6509
1922
2959
9422
3030
732
3577
2871
1199
3991
3610
1698
4477
9606
4768
1974
6320
5329
4095
4274
3078
739
1170
2200
4917
7901
5076
5473
5284
4737
7447
3730
8670
3472
728
7405
8632
5640
2735
2153
3213
3588
5720
366
2842
5986
2752
8840
5025
281
8564
7579
646
359
7563
8476
7316
7808
906
812
9277
6330
2610
660
5991
6436
7216
1907
1727
3690
8457
7208
163
9376
118
8318
3271
2451
6923
3519
3568
1000
5636
6152
437
7893
6702
3511
2484
3922
5882
8146
1771
3631
4220
3582
7007
4096
2354
4425
4278
1022
4737
4949
7723
2319
153
6591
5824
5905
559
3401
904
9487
3051
4874
4454
5181
6354
2605
4448
9889
6733
1543
9155
1443
7552
1964
8798
9901
5475
236
4675
5392
7482
8759
1888
210
4541
8839
6280
5831
2472
3206
7283
2121
2021
7114
3520
4836
661
5629
6025
8178
7380
4604
3937
3664
6853
6033
5311
9436
5036
2889
2799
7801
8599
443
7419
9211
9065
3494
5621
1511
7716
8343
4927
9094
2021
6434
7736
8322
2240
420
9441
9689
1935
5999
261
1746
4178
1414
8093
375
7405
6980
8510
5891
5854
8342
9419
5549
6259
8717
4493
1325
3162
2384
9974
3068
4476
215
9529
1442
5372
3537
8874
5251
8184
678
6411
5273
2018
2304
6749
6012
3901
5580
7918
2789
5903
1196
2585
6388
8357
8850
2841
7616
4615
4653
560
5484
8002
1411
4410
7248
7277
8170
3402
6670
21
2657
2576
902
9711
7809
8932
72
9720
5443
1152
705
1803
5297
4070
3055
9436
2460
6103
5121
9818
4393
5331
2825
4302
7049
6722
5199
3203
6002
1404
8957
766
2273
8262
204
7953
6731
626
3871
2977
7614
6879
9449
1868
942
6769
1510
3700
3272
722
2661
1138
2101
7124
1966
412
5718
6088
9107
5555
798
4830
6593
9962
9338
7901
1058
8321
7946
4318
5769
4215
1599
4582
9068
8432
5944
2033
3223
7054
5175
437
5313
2150
2142
5623
4674
5698
9879
6175
2471
4261
4873
7878
5312
2252
1746
7127
6688
5090
5299
6975
6866
6613
8151
4802
8450
2164
6095
6230
7147
811
7714
8830
2474
2455
5272
5753
9174
6786
840
6771
300
2851
1641
9738
4712
6672
7704
7385
8873
1781
8683
4116
4520
4693
6227
6339
8403
1439
6240
8205
803
5233
1165
164
1849
4991
305
9842
9420
5141
3431
4114
6119
2324
3154
3984
3572
9505
9371
4740
7195
4997
2514
8073
9053
6368
3402
5525
9740
6715
5068
5698
9016
5393
264
8245
9890
4143
3490
7165
1011
191
4043
4196
7833
9040
6065
736
4488
2356
6655
9018
5667
8590
9534
3546
9161
1809
4815
3263
7691
6075
7056
801
3795
6433
8876
9393
6234
9709
8609
7715
8935
2562
3900
8072
3346
1696
2919
7187
9118
5769
9308
7034
8225
970
7164
4814
9554
741
7350
7169
5527
816
9346
9898
2488
7180
4493
2657
2331
8121
9738
3392
8244
7764
3082
2466
9431
3331
704
3077
9251
9943
9978
6638
3114
3104
8176
4610
2599
6657
5600
1673
1901
1533
7082
677
7183
7414
3060
4608
956
3220
8809
1720
8894
764
5956
5201
7078
1649
2036
5695
2655
2882
8540
9225
7097
1583
3148
7251
3509
9115
9217
3331
8540
1746
871
8028
4998
4215
2303
7503
6473
7241
8719
7328
6754
6588
6130
5052
3906
7398
8508
3502
130
4423
7458
4189
6225
6220
2804
271
8792
756
6893
9610
8244
2760
5776
3683
4995
9027
7452
8175
5839
5675
9054
3328
6460
1120
5896
1493
8417
5051
4929
5983
3128
1415
4011
4173
8615
7244
3859
1821
7547
3731
8048
9021
1055
738
7259
8490
4674
7232
3826
1660
1463
6068
7843
1786
9655
1154
650
2310
1927
1002
8449
4645
3560
9390
1600
1343
3312
5468
1533
5515
8024
2463
2182
435
4808
4176
6212
5168
5273
6098
2949
9066
7615
5719
956
5269
9090
4290
2517
642
9584
733
4941
5482
3766
1983
2260
1031
4060
7829
3779
8938
7738
6585
2448
5674
6511
8519
5368
3634
2764
8630
4008
9983
594
8583
9666
5304
7441
7750
7115
9052
179
7424
8856
2684
6455
2776
4618
4564
1560
8781
593
5106
6442
9516
4281
5992
7425
2442
7305
5901
8235
9518
2529
7252
2317
499
8077
4769
5708
7328
786
8859
7964
9373
4651
3304
6953
4852
786
1790
3744
1714
3858
7344
2389
1275
5256
9511
2420
8751
9974
4623
4777
5387
7876
3175
8897
1172
7730
555
2987
8566
7659
3490
6404
4969
5660
2470
7414
1126
319
4646
2605
2910
1562
7459
3131
4517
3357
4363
2819
8846
8041
2113
2313
8451
6431
3090
2582
9125
876
6039
1535
8325
2456
5573
185
2530
6669
7027
284
2962
520
9284
7494
4508
2032
9877
3229
2874
9430
3430
5086
2786
545
5218
1384
6892
26
1472
3777
2448
482
6627
7650
6060
3125
7688
4000
3383
883
7640
4694
4564
9439
4610
1173
5511
6908
6647
5039
741
8992
2219
9907
2644
4863
4517
9912
6969
3852
1837
6768
1465
3451
2110
8631
8273
4028
5655
7174
8768
9391
5358
9506
3295
5287
9675
9797
928
8740
674
1464
8922
8724
7299
4751
9411
2417
9391
1039
1899
6339
3816
2901
5958
9961
7129
2068
2012
5756
5672
7340
6872
7961
2175
8505
2296
7358
4405
933
7334
7236
2581
1629
1349
6094
9621
1842
4239
204
7971
8724
4459
8607
4645
203
79
1777
8066
9268
501
367
7505
4573
4858
1240
7038
51
594
9525
2646
2249
6227
4009
8025
4922
3933
3146
3995
6289
9602
1560
6454
8332
9327
2488
5377
2145
2488
7406
6972
2873
6001
6415
6518
5537
2110
7847
7855
4609
1941
4176
3403
4979
322
4321
4071
3807
5803
1562
6275
7968
9966
2337
3934
2716
1067
7819
532
9355
2784
4257
1934
3765
8082
26
8536
3712
6781
9588
6707
2637
7327
207
2766
9947
2561
1679
2224
8803
227
4828
5415
2764
8698
1767
3829
939
1435
5018
1377
1862
2362
2380
2848
7145
9191
3884
2385
1797
9929
8221
6205
1811
5426
2580
9590
1218
3547
4888
9930
7350
3165
4456
3151
3975
3098
8796
1508
3300
1841
4282
9901
2784
3222
7104
1377
6734
7461
7516
7336
9696
5910
8150
9024
1125
59
9195
7806
498
750
9561
2907
5895
6745
6778
6397
1712
3954
6776
9577
4959
4911
624
1347
8931
6788
2566
80
4418
7397
5991
3201
6386
245
6496
6203
11
8312
836
4127
732
7331
2544
8108
3738
6456
9666
543
4699
7070
1087
6914
7338
9983
8468
4406
8430
4293
6289
5957
7991
8342
7525
9553
7490
1827
5342
9389
9110
5685
8844
5853
8147
975
6860
3489
7525
2535
2402
9994
4944
6477
6533
3903
9983
7012
9439
7976
3759
8472
9213
2191
5286
51
219
4815
7452
5944
6721
8299
4932
4573
6517
2967
6701
1329
7812
11
3667
5068
7154
9073
6661
4345
7877
5188
2180
6833
9153
5317
7351
6258
7319
1014
3779
1200
3807
7629
4349
5182
4130
7110
9161
5147
6411
4823
4967
9086
3073
368
4654
5142
5495
2539
7123
4957
4766
7451
3782
9431
3758
1821
8751
7583
7489
1956
8060
7660
1268
7575
9010
2805
4985
66
7984
8065
6088
9026
9873
7953
3636
9762
8264
8363
1233
7594
9285
8729
9906
7894
5606
6797
3040
6444
3151
1263
9345
4008
7565
208
2361
6874
4681
9856
8062
8373
1803
5039
1282
756
1671
8080
4951
5847
3904
3002
543
8840
1104
254
5623
1040
6769
9349
7549
6098
597
9286
9908
4518
6665
3524
507
7015
7743
5592
3409
7551
2711
5645
1211
437
3709
658
2557
2959
9827
6821
6735
1949
1909
6000
1614
6516
6313
6394
6724
1811
9095
3781
9673
8704
784
2265
1055
4708
8292
4171
6683
7196
2630
9500
2833
3376
4994
3306
2552
6496
3714
1642
5625
7806
1988
8177
8180
3220
4266
1809
479
6949
4868
2922
3298
9613
437
417
9887
7248
6198
1375
439
4344
8135
5191
3711
8582
8403
29
4077
2913
5694
7445
8682
3768
3291
6801
9233
1426
6979
6048
7904
5517
5263
3187
8466
6972
5687
331
7109
7132
890
3369
9403
2185
837
676
466
8323
5435
2701
6253
8301
5434
6869
3529
5295
9052
947
5479
4734
614
4483
2156
2048
3987
7123
928
8545
2818
6636
196
8971
6099
4813
624
7878
2024
1093
6287
2197
6110
7738
7046
619
8940
9491
2079
3367
1465
8133
7005
9556
8400
9344
1361
5810
2869
442
8638
1370
9080
1602
3637
1596
160
6632
3784
9671
3750
821
6920
7685
1403
4937
7737
7871
8781
9686
1336
3153
2267
2321
4646
7309
4366
2361
7831
1977
2688
2590
2655
9573
8353
401
6939
9435
8538
2654
9088
7129
9387
4647
5049
5360
9090
3338
8424
8870
2931
6739
1801
6642
6622
7707
4234
2999
8537
8004
6190
2839
6382
4290
4072
8369
5429
978
6176
9283
2489
2561
8665
8281
4660
6922
90
4613
8283
5430
3695
719
3069
114
8801
1209
794
6368
6144
2485
1914
1234
226
2880
6900
2226
6170
3177
9058
1556
5466
1952
4745
4748
9159
3122
38
245
2388
4942
1784
8473
9981
4925
9853
9969
735
4983
5503
5083
3210
4221
9106
9336
822
8452
6790
8567
2352
8970
6365
1348
1159
3114
8923
9742
6026
7823
798
3855
3160
6429
5864
6934
1259
1426
8144
4737
4669
1330
4163
3362
5522
664
5879
809
9409
2640
3578
8992
9487
2429
2245
3723
52
1665
6993
1229
8087
5717
7200
2386
8648
665
6574
3624
2390
6755
325
4129
2932
9000
1191
2853
2787
8568
5060
2734
9609
3059
7187
3249
6307
1625
5069
5011
6256
4272
9585
9232
2319
3332
4968
6640
2887
4751
7983
6808
896
166
4557
351
5466
7642
9273
2837
2486
7731
1206
3584
7819
6091
956
9298
9323
5161
8698
8624
5500
323
2146
3975
1618
7289
641
6010
8246
6327
3900
7784
4791
5297
4545
9563
1260
8103
3902
7765
4862
6959
3096
475
9616
3796
2005
5102
8753
8527
7830
3849
4472
3513
3913
5510
1444
3346
1497
7948
1233
2631
4635
5457
3951
1361
9632
9070
4396
9135
4578
7421
2626
5463
5942
3654
7131
9016
558
5750
3094
4003
4728
7454
9944
8880
3197
1616
2943
2340
464
4929
5431
3049
1450
5108
2635
2176
4624
9973
3880
3428
3831
130
1217
9409
2453
3760
431
4358
642
757
4636
3714
4609
8883
3094
1630
2681
9592
1682
6622
2150
1526
5309
1891
731
996
8221
8917
2460
1300
870
8437
2849
1553
6268
9523
1918
7049
5246
3756
9699
3968
4981
4258
7382
1152
6760
813
8960
3200
5804
2924
2370
8050
370
2746
5612
4703
9022
7195
787
6627
6970
275
8751
3096
2176
7751
6696
3897
6543
2800
2733
3782
8735
9469
2707
5061
8675
5232
6036
1249
917
587
1007
6911
6156
7829
3836
6818
4709
9405
3515
887
3814
8090
3200
2648
4464
9189
4398
5904
5862
9784
411
228
5693
1434
1267
7588
4044
7841
1045
1602
8700
1910
5260
833
1303
6050
7647
3544
3487
4659
4589
6224
8056
3344
4310
7175
7812
8541
1654
5745
7996
4423
1926
2897
1582
4738
8289
3653
1281
6649
651
5900
7157
9746
4033
2459
3548
148
2984
1043
5514
5857
4444
9765
793
9959
6586
7631
2881
5405
769
8505
8757
3069
2843
1684
3468
1653
3827
592
377
9355
2692
5270
3864
8702
5263
2987
9523
9948
4792
9605
4866
4002
7132
3181
1642
9680
7266
1284
5138
3174
3621
4130
2362
2232
7962
109
530
7651
7422
1347
8930
9585
7028
499
6776
1489
3362
4890
1235
2028
598
8298
7865
8809
2789
8990
5047
7970
331
1676
3493
4661
2762
4302
2506
8530
4614
7977
3701
9198
2659
4386
9882
2899
7918
6034
7887
5294
6554
7549
8755
8139
3692
2542
421
5316
8964
4596
5763
4843
4191
680
2406
76
8236
7441
9641
2309
4319
642
8230
2794
8713
1171
252
9850
2271
4844
2432
334
5650
474
8114
6881
7424
818
6404
8744
3581
4389
3840
3073
6815
9922
1985
5714
4231
6503
4563
6657
6082
5389
3586
6609
5372
3783
284
6633
687
9172
7374
3254
6711
5198
6693
2768
3592
5559
763
4936
7604
923
1187
8705
2514
3087
23
9473
2003
5544
3783
9385
8655
3854
5110
2942
3274
8003
3002
716
5013
8695
4900
8946
4546
2649
9684
3755
1068
7579
793
2830
3517
7468
8527
2944
7958
3391
9297
8358
4794
8334
7673
3448
5895
5825
7282
4134
8979
5843
7312
7851
5085
8850
7036
5197
4990
5823
8197
8312
3034
1867
549
3081
8251
2283
2532
4310
404
8324
1870
5467
6219
6737
9416
9944
2790
6597
337
6929
2938
1047
9121
7658
2079
2765
735
6129
2336
4889
6987
5189
4570
8340
4962
1122
8486
9946
5282
9821
2385
7227
1203
6165
9206
9181
854
85
1784
2177
5544
3118
9245
5156
1236
3240
1089
8120
9934
585
4989
6564
5678
1335
377
9840
9841
2011
8267
7784
6141
5439
216
7426
9351
2545
9028
8230
4310
8832
8578
3039
2067
9706
1190
8658
8594
529
9193
3187
7969
4263
6854
2672
5107
6704
6393
2624
3494
1301
5881
7965
2387
2142
3100
3726
7334
3174
549
9442
4357
5109
9875
4252
8940
4523
3035
840
1753
4734
9647
2036
7458
4670
4960
8309
2859
3555
9560
7198
5348
3058
8521
4746
5737
9832
2556
901
7317
9083
275
5640
244
4574
8210
3937
5398
8651
9967
2766
9510
7161
7120
2255
6943
6786
7176
8371
3235
813
3290
8653
1216
238
7365
3480
1354
8124
1551
7920
2778
9136
4014
7993
8823
9781
5811
2767
2693
6403
8999
3325
340
4697
4109
1411
4360
6731
1310
5717
3676
4823
9608
4676
9227
9353
2128
6784
988
8666
8898
7038
1215
6737
9400
5803
4766
4106
2773
5203
2975
6571
5975
918
6147
6836
6748
6295
2970
1985
6742
9472
9162
5367
1822
344
5000
8115
7179
567
2472
711
7150
7295
8618
3183
8525
8950
7427
1474
8686
1785
6728
2034
2956
8474
2825
8389
3834
5808
2417
7598
8330
5932
2700
5187
2355
3609
5595
3200
5616
8966
8308
727
8960
5227
7332
8006
7743
2249
925
8265
4493
1177
7525
9846
5974
9071
1244
8410
5465
8630
7215
6104
3806
7651
7621
3894
9669
2000
9896
8713
5264
2039
1060
5750
3279
395
5088
9175
3945
2615
5975
545
8518
2995
1069
1468
5738
3904
6835
4553
5628
9716
41
7520
1387
7064
1632
5888
1264
1669
7429
7741
5026
7121
3290
561
5092
4165
8394
2924
9476
5501
3395
823
2856
8946
1489
9856
5215
1138
3364
6483
619
4138
1731
7522
7297
611
3438
390
1110
6734
2015
3875
7915
5277
8897
6202
3994
1110
5897
9763
5360
8886
5247
6294
5351
1965
4544
9799
3732
8565
5646
8531
7592
8986
4351
7522
4848
2242
5243
975
8479
3394
5856
5084
4290
1540
2788
2642
5133
4873
2865
90
422
9512
5395
6891
3434
4229
7185
1706
8174
8739
8805
515
9268
3565
6250
3689
8379
8038
2959
9892
4153
5550
2263
1829
5935
6822
4785
7958
33
2309
3842
9528
2355
5747
3478
1203
8606
2280
1274
558
9525
6072
2646
4958
805
1174
1534
6388
7468
5550
6358
1801
7070
6499
7079
9709
3041
1418
1786
9518
2880
9450
4950
2049
4726
693
2310
3733
5121
3663
496
4654
8117
9346
6544
6323
2301
8932
5482
4875
9267
5404
1162
56
9436
5906
2133
3591
9091
1133
7531
1437
6365
5721
6415
7147
7394
2261
6460
3628
9853
5570
2627
3135
5820
1137
9998
961
6816
7760
4054
6680
4238
4188
4327
7289
6953
7010
9449
2780
8693
9936
5759
1955
1969
4049
2075
2250
7751
5966
9598
9862
7678
3413
7478
5072
3341
8683
4109
712
2924
9301
6846
4654
8702
5709
1410
6678
9249
2922
5491
6509
7992
795
6668
6493
8787
1880
4493
6748
2914
7924
7274
5025
9979
4752
4136
8371
9390
46
9893
2310
1642
1213
8133
1353
8533
2534
1283
787
7947
4434
9993
7683
3280
6892
435
4496
9042
8903
5727
9500
2610
8423
4118
5625
864
213
4014
1390
3261
3074
5708
7744
6990
881
8452
4774
2828
7417
7785
2935
3379
1362
8423
3940
7722
6368
6297
8551
6526
5318
3895
9783
7192
2859
6272
6704
5966
4952
5768
853
6162
8775
3442
8421
1762
2877
7865
5230
656
4053
1112
3493
3637
1509
9283
7056
53
127
3377
5898
2716
363
2482
6558
821
9927
5425
2484
2460
5138
2015
3746
5170
5491
1120
263
793
893
2802
1847
7944
825
1418
6563
7758
6171
219
2908
5195
291
8576
106
9556
8051
9739
2136
876
4407
7569
9014
5157
4865
4275
3342
4021
6526
3921
9412
2712
8500
185
6950
596
8529
2936
2690
1477
7655
2634
4418
3236
1870
7752
264
6282
3065
2206
4544
2559
9641
5782
7861
6435
9386
1016
2904
8181
863
4244
9387
1366
2230
6119
7725
6169
6150
6959
6956
106
9939
9321
517
9218
328
5452
3303
1367
2251
1175
6589
8496
8362
9447
6352
8129
6186
5594
3089
3633
4278
984
7808
7422
6001
8566
863
8742
3800
7750
328
8298
9745
8127
1212
3676
7968
3566
5920
4316
3237
7826
9046
8034
9175
186
809
4241
4310
9700
7381
6331
9511
8370
8016
2351
7693
8980
9114
586
1078
554
7709
8251
7237
9467
6389
6375
8660
4827
6635
58
8197
232
2867
3843
4179
8663
9588
8418
7006
1559
4205
6149
9416
8908
9744
2923
6764
1063
734
2940
7482
9706
1912
6861
5903
2734
4171
2660
2423
78
8867
5924
9682
8746
1249
8270
4870
1199
9932
3579
6724
2462
7026
9093
1677
1723
7265
9368
2546
7467
968
7226
4284
3501
6883
180
2215
7685
200
4747
1034
7016
5417
355
1400
3477
5303
8966
9586
4670
7470
9328
3196
761
1519
1550
3169
2684
110
1821
5898
275
2670
9191
4891
2474
1225
1427
9228
3360
4214
8501
538
7558
7855
9320
4924
8886
7843
1735
1298
8080
8289
2437
4539
4650
8544
8750
8702
5875
7910
9492
2366
4756
2595
6271
5564
9201
9812
4674
1432
8649
404
4361
4235
201
2682
9460
9685
6894
913
5223
6801
8213
1332
9573
9058
7208
2849
4721
4709
5708
2895
429
8581
8037
7057
7726
4994
793
8245
1845
6761
1074
4479
464
5575
9867
8228
2429
4098
7582
8433
7670
4174
9053
7199
1664
5187
2927
6635
2929
9249
6964
857
9960
6031
4429
4905
8428
4404
1180
6359
3748
8146
1799
7673
6459
2630
2600
2931
4747
4072
3457
9719
3799
1839
8797
946
7103
8073
6805
7940
64
5897
5887
2115
9723
5416
3705
4163
1829
6866
5298
1135
9215
2317
8969
4942
4856
205
2653
2958
9188
4626
1997
741
484
4906
7060
9734
9537
4356
3816
170
561
7233
9298
8645
7185
9186
1369
655
3206
1952
4226
6079
2422
6221
3604
5844
889
5142
2916
1735
1865
6992
7241
165
5672
330
2856
5379
1006
3658
9489
6282
3356
2973
6667
2512
1085
6140
4125
6220
4359
121
8784
2758
5663
703
7982
5946
3378
9272
5593
4961
7144
7444
6219
3054
7763
5614
5822
7026
2084
6300
5085
6933
3092
7435
9527
6409
6570
6919
2549
2760
4691
3359
1255
561
815
9934
1686
7574
9317
9109
5683
1374
6124
7262
8910
8581
7290
9902
9751
925
1208
3094
4836
2337
2533
6147
1605
835
6078
8639
4968
8172
4379
6188
1519
8717
6352
3211
2450
4206
3710
6937
4443
9792
9735
3758
6245
27
9594
7020
8096
5521
6977
5733
8110
1300
933
6567
7686
9091
1004
7072
4489
2311
6436
8095
6027
9299
4585
3608
66
8758
7414
2630
8712
6604
7319
7636
2473
8879
7790
9041
9399
4545
5713
2025
545
2650
1069
108
1513
4680
9627
8974
3098
709
5338
2567
4443
8132
5408
8912
1054
8789
5821
8205
1537
2731
3031
1438
5127
4860
1307
290
5260
9345
9141
920
2195
8883
8505
5654
6007
97
6995
8017
5056
5982
6341
8328
1077
3253
9646
9159
173
3189
2542
1418
160
9103
3959
4526
3274
4613
8971
3776
5426
5549
9668
9816
2479
5621
861
7514
9493
420
1032
9535
176
2154
286
3674
1619
424
9284
7106
8660
5453
5220
3174
4892
120
2910
43
3903
4243
6029
5349
9698
9751
4742
8440
3104
1507
1093
6050
5962
9024
6873
1617
5872
6853
7501
6914
3258
9614
836
6606
8925
6394
7283
2268
5274
7024
413
1913
3307
1351
7015
1962
7479
6017
8760
9578
1204
7725
4139
5963
4157
5556
4525
61
6542
3580
6223
2353
6571
197
8068
789
9153
6991
7051
2994
4989
9242
7201
9350
2932
6250
8155
255
6328
7728
557
2069
8382
6175
4099
7536
5216
7457
3386
9510
6988
2361
4301
5855
5024
5775
7695
8557
1546
5768
2065
3769
5328
8407
5907
9046
5781
2820
1422
8667
2636
8069
7122
9396
9416
7464
9426
389
5075
2308
2109
490
9062
2287
8047
6656
6219
296
2360
8977
7626
3839
9047
6616
2598
283
418
103
3695
9005
616
2574
3711
1526
6967
5921
354
4373
3474
6962
3036
1352
4591
3510
4013
5731
2665
8398
4038
4610
8037
5408
7294
2053
3050
7367
1198
5749
6775
4571
4155
5573
2384
3662
8624
7542
2796
7083
2920
8621
8458
325
8045
8181
8838
8196
9833
9636
217
332
2919
480
4472
9623
5816
4550
3705
6037
3414
5875
3874
5371
7027
5693
3951
1967
7595
416
6543
8988
5259
5974
9788
3655
6154
6611
9818
3001
9112
2493
8742
5678
6143
7302
8405
9208
6273
5784
6691
2774
2123
5892
9606
4995
104
8905
8026
6873
2371
7365
5829
8554
6637
719
4383
5621
7738
8310
9773
5418
2221
7155
7124
5796
3773
2086
9491
4281
7033
101
9834
2839
6054
5326
7251
5353
748
3470
8270
7740
6796
5605
3538
8887
6868
3657
8692
1517
6820
3224
2194
5784
7502
1119
2546
9685
8698
8702
5240
4645
3251
6431
9615
8569
7286
9977
7823
3091
5624
3090
8392
6626
791
1274
4654
1131
7583
5480
8397
196
7082
184
6834
4450
3349
4926
944
7380
1966
5891
5627
5013
7680
1558
2564
3230
5237
8599
6700
3116
9043
2504
5816
9765
5977
388
6010
6965
9356
5311
3961
5622
110
7566
4013
9689
7400
7820
9268
3117
907
312
9768
595
8386
3113
5961
8291
9552
6472
3538
5191
1431
1358
7674
6817
6815
8417
318
1836
2837
2160
4507
9713
334
9687
8254
7914
1700
7284
9987
1391
2952
1356
7562
6401
6663
1561
6910
4091
2630
5735
4362
9247
6639
2596
6647
5160
7319
988
5241
851
392
948
3139
8006
6562
6452
9572
762
3734
5246
1384
6448
7350
8534
9429
1162
7015
6276
5421
8381
5119
3674
1080
8571
2486
1520
3912
7662
3613
5721
7095
9688
1058
1753
9375
4808
4423
1005
6818
6171
8486
4695
4729
6395
4269
8079
1809
9517
989
575
5541
1283
7160
5237
5431
5995
3856
6340
3305
3268
2375
3242
7042
7554
5000
8900
2621
2554
7804
116
4762
1263
8786
7911
4664
7646
127
2829
6955
4004
5523
6975
3654
5819
4749
4376
2883
3219
1151
7258
4549
4050
4394
4364
283
54
5010
9559
7867
5093
6638
2936
9767
6410
6448
9883
9953
6468
899
2951
9712
7221
8209
7430
177
2151
6954
7000
2689
3849
3900
4729
1484
5292
5946
1510
8725
4792
4333
2629
1876
8400
5865
3021
6040
5005
8487
649
7503
5606
9133
3033
2901
1922
5253
7580
8490
6357
1188
9278
1318
6148
6272
7032
865
5942
1599
4597
4049
2840
3402
7975
5856
33
4802
3380
3388
4213
3285
7838
8543
1127
6567
2908
3929
4961
601
750
4922
4826
6219
3161
5172
2885
8771
1767
381
9759
6703
8836
3710
7477
1344
8962
190
2012
4764
9819
445
5752
4990
4247
1269
9640
8910
709
7148
3342
4957
7022
6163
2437
5753
3243
6842
7557
9639
5939
1076
4942
2876
4673
5674
9862
3549
2534
3886
2786
3583
7146
6644
5071
3825
5753
7107
9169
3640
8022
2369
9282
9797
7168
2045
7356
9351
5313
1268
8457
2990
2944
4192
1841
6407
332
4378
2989
9973
1047
126
6034
8063
4850
5295
6085
2380
7576
4433
1786
6749
9718
9439
7947
8235
896
3352
8051
7211
6654
1914
7046
2796
2977
2197
1656
1004
1701
1941
1986
5490
5298
7517
3749
929
1776
2739
2764
2818
5224
9513
2410
300
8516
2586
4964
3593
9628
4140
6129
3930
6973
9934
4325
5777
6749
6459
4774
4098
991
4298
8921
9973
5494
5758
4824
9482
7695
695
9669
7286
8338
1121
5948
2375
663
936
3210
7394
1341
7989
4796
5012
917
3719
8746
7142
8517
7845
4726
3157
3848
527
7087
7802
7636
2460
1551
9413
4015
5699
8221
8031
3485
1532
7675
4370
5489
2502
6688
7017
3510
2199
8798
1067
2422
8549
2375
6587
754
744
864
9033
353
2870
886
3719
5491
8884
6597
963
6809
1392
2527
8050
4344
231
7647
492
763
9825
7589
9392
8331
7442
9834
8517
3974
5470
356
3620
2732
8511
8461
3785
1572
1662
2579
4755
7573
3884
4471
8442
863
4429
1241
5305
9372
4002
4326
9407
940
4921
13
6286
5210
4562
6732
2626
3268
1604
4305
4855
3253
3803
1251
8916
2488
5530
1968
4113
7469
3334
3326
9696
3101
2689
2687
756
8338
7564
5607
6904
7108
3232
3125
9999
3092
8264
2054
3836
7875
6376
9679
2862
6002
1197
7237
407
8054
4082
1369
2981
8574
7869
6598
8381
4628
152
5091
4543
54
1088
4436
6992
7287
5687
2927
5227
8439
3089
8311
9713
1465
1924
9462
8485
7910
1855
1363
4186
5779
2185
4082
2405
8084
5344
5894
4625
1604
2229
9744
2783
591
9731
6673
1902
2320
7073
8697
2823
9342
9364
3589
4458
6453
3605
7256
3036
66
4238
9486
6642
8052
2981
4839
1043
2501
2625
6865
7988
7282
1810
1183
6220
3759
9139
4974
6032
6673
7767
8266
4455
7812
3959
1970
3425
1300
9601
6561
1397
9453
7931
2704
5748
1961
4126
7073
4630
6966
9164
7514
4571
6880
5837
8340
8102
1452
1349
118
6104
9182
9829
2575
4995
5073
2481
8129
5208
1930
4813
8200
4773
2583
5469
8164
4670
5276
286
6225
4040
588
447
4116
7257
419
1129
7712
7265
3128
8294
3339
5822
1723
49
6177
5849
8721
2318
3440
3096
7165
5633
2461
6118
3784
6149
1197
5613
2932
9263
3462
4231
603
8357
6403
204
5682
4723
2412
8773
1005
3092
6282
2182
5325
6131
2792
7841
3121
1397
4644
145
1809
1967
2111
8337
3078
2207
9739
7063
2399
1514
2227
1686
3212
3265
4501
9171
43
181
1656
6106
3214
3825
9231
4563
7216
7680
3354
6279
6398
8352
2439
2784
6625
994
5951
3815
3458
1092
4161
5631
6334
183
5387
5510
3816
6731
9609
1127
4384
3529
6805
615
1047
1678
3190
3934
3278
6964
6594
8617
4349
1624
6880
5999
769
6424
4894
646
4512
6039
8581
3145
5720
7563
570
9860
5548
3531
5036
397
6631
4028
4586
8359
5816
5105
4214
6945
2762
627
5164
6673
7140
8500
8132
8200
7475
7538
4583
2894
7611
8931
2272
2990
4891
1398
2448
2248
1779
2615
3341
6614
3190
3952
8580
8458
7496
8444
7582
8663
7725
2034
9993
6339
2790
534
1625
9945
2465
4353
3354
6942
6567
141
2965
7069
9381
8553
5740
6917
5802
9977
506
4845
5786
9694
4394
737
3358
3809
1520
1928
8102
6649
9776
7721
9035
2941
9916
2448
8784
6579
3923
7006
1243
5770
1106
2362
5516
881
7746
6349
2658
1443
2321
6174
3884
8346
1318
6105
7011
7561
7161
5193
7886
3649
5953
7704
5037
3874
6623
715
9936
5967
995
3889
5427
9480
4278
1321
7540
7217
1880
7533
1623
4553
7240
6974
1785
3790
3428
6094
3907
9068
9567
1947
4874
6600
8488
4609
1845
6837
8574
7905
4522
9747
6273
488
3471
3669
6441
4277
9013
8363
6181
3447
3658
8140
2540
1856
6410
1349
8274
6337
87
8169
8622
6109
2671
4619
7928
6904
3605
2402
8055
3684
7801
2376
6927
9139
9739
7873
6183
1756
7199
6049
428
2724
9277
8016
7613
6525
5992
9466
7758
3201
955
1613
6210
804
6602
9473
779
3391
2306
3187
9169
7276
9293
1249
4361
8533
3935
2699
451
3151
2249
3172
1499
9444
1140
4372
3148
6236
1592
440
4051
4371
2710
8780
5252
4450
2455
4452
176
5545
1348
1803
3433
3310
1580
6356
5899
1943
3911
3125
4564
2233
4613
5468
6514
7109
9064
9912
7030
878
7102
9883
4492
9790
2193
1392
4776
2440
2139
3901
6702
719
2045
8436
8293
6039
8928
6405
7821
7971
412
1748
9542
1099
4677
5819
7290
2165
8513
1616
9422
99
7441
1593
6549
3250
4133
6536
1101
8043
1012
5901
6102
6732
8321
811
3560
6767
6276
8108
8213
9793
2431
4144
8609
2733
518
3026
6274
7078
8173
1038
8653
41
4221
6278
9127
5537
4995
4744
9669
9777
1590
8382
4174
3288
6578
6350
653
4952
7750
241
195
9820
9589
623
9414
5177
7249
3530
2496
5440
6011
6604
4603
8597
5663
8452
834
1990
9051
9214
312
7097
390
2848
2753
8573
7582
5817
7770
3293
3841
8180
3858
3206
459
6682
7951
7414
1312
2154
5600
17
1599
4309
6606
1552
9571
9105
109
5394
7693
2829
9255
4816
2994
2205
9156
5846
282
1119
3128
9211
6940
359
424
5082
7119
9736
7581
9189
9722
3769
4268
3267
268
4785
9114
5136
160
9304
8537
9057
2318
9342
8148
6153
9758
5455
1795
7556
2955
3519
9068
663
6942
2827
5195
3072
4803
3551
8986
6165
2433
923
5337
9138
723
9274
6727
6226
2286
5336
3870
7959
9651
6266
3459
3632
6063
4982
8930
2070
8572
8499
1537
1606
615
5553
3186
3189
8635
2427
4326
7686
3135
2344
8726
960
761
4977
9296
7587
8529
3834
5197
8576
5328
7812
6612
7320
2842
7190
5272
4736
1191
9831
5170
2563
3632
644
704
2305
8200
6391
5218
6232
561
1668
6425
7643
6270
7878
5736
4304
8571
8834
8606
2821
9373
8790
1523
6179
6374
2727
3975
7898
9061
7195
4181
4060
7515
8208
6884
6954
1747
6556
3905
9825
1819
2112
7329
3286
2294
4688
6442
4667
6303
3816
219
4976
7381
2412
2582
7449
476
6393
4369
7606
6466
4020
2955
4117
6800
1910
3879
7707
9817
1571
5970
2439
9332
1375
984
9771
3978
5996
1776
447
8558
1044
8618
482
4047
3030
6087
9982
9632
980
2048
8519
9128
3989
3361
308
9819
7117
3689
4207
3626
2215
8444
7531
8403
290
7564
5721
4853
4568
319
9970
679
8065
4952
2045
8051
171
6436
9432
2287
2519
8136
1025
6185
9836
4644
308
2959
1120
6498
5635
3603
5743
675
3272
8625
8573
338
4810
599
823
8408
1572
1583
1690
8567
1996
8105
209
6588
783
5143
8427
390
7542
6085
2214
7795
5217
6297
1797
6265
9258
1104
5691
7698
3843
6025
1529
6941
7105
5760
4842
2786
614
6123
4665
6962
9176
777
4032
3081
168
3522
1913
8581
9399
6161
147
4388
9395
7825
650
7790
4691
3840
1318
9005
7400
7884
3638
3124
6103
8762
3791
512
4437
9601
4229
9728
4791
3002
2990
5648
6291
9774
893
9204
4485
2895
2837
4221
2286
5908
636
9003
2108
2618
5061
3164
3657
5701
9718
5669
3728
1183
1972
7577
1752
4323
4141
7199
3371
2553
2954
4971
9443
8798
1663
8856
4996
2839
8930
6047
9316
3113
3598
7657
6750
2089
8955
335
1288
9201
8174
6321
80
1602
7125
3539
9394
1324
4061
8067
353
7513
9368
7561
2701
5123
9120
2729
2133
8114
5908
7128
9445
1666
8050
6694
9314
5840
4392
7664
7430
4992
4945
9879
3898
6541
3666
7415
9358
1050
3999
270
6402
3114
1545
2800
2868
8550
8422
8017
9242
1736
719
8136
1996
9208
8980
1405
7480
359
3537
6602
1220
4213
3961
8469
9742
4731
1823
4938
2870
1486
7670
7634
5446
7971
6090
4077
5098
3885
6674
7056
3723
5199
6533
5114
8280
6080
4162
4699
9160
5163
118
6049
7772
2138
5181
7191
5643
6480
9982
9040
7430
7754
2011
5109
578
8192
4882
3721
3250
1099
8420
9691
5727
4227
6703
4365
1781
4913
9612
4160
816
3860
2423
1407
2539
4702
2811
7286
8253
1579
6178
2373
8747
8349
2964
4666
147
413
8398
7682
7752
4326
8881
4122
804
5112
9651
5531
1142
215
6918
6568
5172
8729
5727
9664
2467
65
6112
4500
6656
9288
2429
7400
6749
1045
2769
9987
5962
2492
6440
6493
3321
3255
8547
4338
7409
6825
880
4594
2856
4973
9696
3884
1314
3504
806
7325
4939
2479
5307
3497
4009
7269
8537
7572
7716
2554
7108
9982
9282
5775
5735
5928
3442
6893
41
6319
3160
9735
602
6288
8783
2708
1568
7179
7907
678
8908
5350
1706
3076
2440
7974
2678
6013
5639
3297
8751
1754
3172
4481
9116
6740
6215
2308
9282
3279
8727
7092
6022
1651
4506
1895
8635
9833
1087
6282
1939
5970
8035
1251
2652
5190
997
9164
2484
6169
6709
775
8990
4574
2676
615
5979
2344
6766
3863
8840
473
3680
1516
7128
502
8545
7119
1203
5036
9946
8234
720
9577
3236
6548
9234
9614
9781
5903
4412
7918
9996
2447
1020
6638
5465
2273
4043
724
7289
4134
7596
7571
2048
4261
3292
4107
2746
628
6959
637
7925
1051
820
3146
9632
1511
3653
5221
5339
5946
9255
9236
4056
5520
9731
77
1197
4296
2628
4426
472
1263
3459
4353
5349
4623
6403
5943
905
9262
3501
6808
1607
773
8720
8450
9159
5267
1965
271
2499
8287
1626
9434
2086
1113
984
8528
9745
9742
4463
7818
3116
1943
9878
9379
8630
7288
3134
3432
1070
5527
6658
8473
4106
7155
4567
1547
6851
8141
9066
5947
3159
7340
1360
5483
3541
3553
7244
7191
1766
599
4188
1420
6377
7322
683
4665
526
2317
5717
8605
7438
2101
2837
5780
7497
7855
8719
4236
8942
3956
1793
5970
9809
1521
7570
6991
261
9290
9624
4637
7402
1345
3995
6634
5526
5634
2212
7962
1085
8992
4220
4419
1031
4493
3866
4334
9311
505
3429
7059
5503
6873
5209
6027
8441
21
3481
2412
3343
1879
9905
9333
1861
147
4935
2418
7963
6634
9553
6958
1250
2580
3947
4552
1797
6595
2367
7989
6851
2836
7244
8618
7210
1427
9835
7873
6846
3674
9059
6812
3149
265
6605
867
6881
1453
7161
1407
179
9617
8480
6085
7835
4617
4344
1885
6617
5252
7281
1671
9655
9401
7377
9520
1475
949
143
3852
8051
5073
5806
8671
3300
3672
1684
3938
1258
9570
4970
9053
6874
9581
7075
5102
7668
9547
1164
8376
7581
9283
1841
6613
3551
7159
8021
6291
222
4035
9903
4762
651
8770
8476
8268
9163
9721
1979
6477
9388
6014
5890
201
6122
3848
7674
1761
9017
9205
7331
8767
1249
3441
4053
4782
5075
1910
8387
6785
2855
942
4939
1114
6952
595
2411
6766
882
7979
13
5194
2343
2357
6014
1096
3705
9241
2195
283
1511
6313
5675
4544
9587
6843
5654
3980
5393
2649
524
3699
9481
6728
7359
1784
9872
6556
634
9185
8044
2493
2427
970
2560
7037
2387
6541
3093
7817
8872
578
8979
6188
8476
6666
579
8037
9560
2004
9320
9088
8824
3959
6458
2692
1636
8318
8282
9162
8720
7132
1261
4781
1292
9756
9914
9602
5968
282
820
5907
2933
9893
1992
9631
2736
8354
4045
63
1291
29
124
3735
9854
5707
7460
8158
9859
482
6310
5927
9866
657
2422
9254
9988
5373
9618
34
2525
35
4530
652
8418
9413
8397
2831
8134
8397
6591
1079
7837
6821
9394
66
4702
4127
1239
8458
8633
3103
1578
9901
5070
4425
874
8677
1991
6242
1662
5948
8468
7005
8891
1258
6646
312
6917
2758
7202
7738
1108
7286
9810
471
7613
3573
5036
446
7215
2754
8509
3846
8025
9673
2787
3311
9241
4385
1489
4227
8647
7940
9746
1320
9221
497
6646
5933
9431
3649
1321
9890
4970
1110
5327
2997
1846
6947
1068
6580
79
8599
6671
3521
3580
1062
6675
9936
1382
6331
6718
502
4507
6644
5541
8978
3047
4559
1538
2791
3411
8289
3327
4071
8962
5985
1875
1983
4278
7921
8787
2439
8525
3173
6727
1242
8291
8615
4913
1184
585
8411
6285
4246
538
3929
5349
2389
8122
3292
3715
8964
7337
3431
1344
3630
4434
1538
3150
7240
3205
2465
5580
4570
5636
9865
5644
116
6894
8806
2410
1999
8031
3624
249
1052
8905
1884
5338
1105
1101
6499
7886
2249
6840
631
1132
1060
8021
7293
9908
8149
7542
1361
4572
3110
4039
8850
9871
8256
2639
1805
2722
1139
354
8522
7063
729
9462
7007
5479
6576
1931
7307
6966
2334
8116
9710
9765
2892
3020
7125
7458
4563
4908
6940
8765
8849
5425
1609
7387
786
4001
656
2580
8275
9912
495
6959
4231
5236
4187
1257
6910
7480
8381
751
2174
7664
9249
7259
1494
4113
3597
5570
46
8683
6171
807
2133
3999
4099
2707
278
7351
3277
8189
5439
2249
6990
8698
1266
2355
1830
3081
6415
5642
2280
8944
7164
6620
2973
3077
6937
3523
4281
77
362
3091
6972
3461
7407
5619
7242
2244
434
6722
8640
9273
7588
6357
7460
5401
1052
3027
9544
6752
1449
3512
5971
1750
5473
7384
2800
5394
3113
1565
9722
6116
8872
1695
449
2425
6153
6048
3526
8110
9380
7764
1891
9861
3371
1827
9899
1261
8617
15
8529
163
6600
4099
9126
6490
1092
5560
9343
4980
1001
6645
3530
2987
2372
3172
233
554
1476
8231
9719
1796
101
119
6572
1053
4356
415
2372
8385
8175
768
6809
3839
1774
4495
8236
8116
3249
7252
7207
3314
2976
1552
9456
974
1672
2050
5703
8108
5238
758
3237
3879
6573
7879
3020
6886
5994
1870
2881
6236
6175
318
9776
4734
5037
2942
2406
2215
2766
7705
5066
7188
1768
8070
5240
974
2988
2695
8597
4624
6798
6747
2759
8996
6241
899
5033
3593
7917
7654
2218
8581
8816
403
2193
3131
1813
252
8867
4393
9912
2152
4692
2276
4070
9698
7583
8560
4749
4113
2284
3910
4749
2824
758
7019
4523
8044
2588
6673
7512
8552
2617
3977
5743
6758
3560
3183
8729
8766
870
883
6577
2897
8072
958
8928
8784
4924
1494
1941
6505
3110
2472
272
2744
5067
22
1798
4953
3439
9499
4753
5089
3729
6801
6555
5677
6780
5803
5642
6813
5091
5827
7846
1033
104
8878
3065
9294
5723
4736
1620
9422
7023
6392
583
7171
2382
3933
7328
3201
5933
4486
7875
831
3528
2499
7472
5618
809
4169
8860
5378
5791
8527
598
5436
9364
3596
8408
2744
246
6426
3245
2276
2576
8563
2297
5312
9707
329
1435
8319
7134
5142
8148
8447
1410
9046
3585
9939
7189
1056
7764
3427
9879
3561
1850
1291
2287
7248
9895
8746
934
9576
7123
4102
2782
216
1061
5896
5567
5523
2073
5420
3960
4819
8226
3427
2241
5118
6800
4080
1281
2047
3191
9669
5658
3935
1981
2508
8699
3405
5721
7706
2342
2456
3441
3557
7498
8122
4009
6509
348
9028
2779
5625
561
8446
7479
9970
7537
8885
530
7759
6548
6162
4784
302
9455
124
5550
4899
7417
8091
7101
7705
6459
9057
8604
7858
6418
3289
9100
3234
2597
160
8880
5563
553
5123
2827
6802
8836
2774
694
1521
6449
8830
9293
1188
9824
5586
8143
2045
5270
1067
9340
4360
6187
5079
5283
7925
8752
4000
5059
6594
4616
501
2231
5381
3168
7495
8026
6800
9258
1221
2036
425
6726
8310
1085
2443
6620
2316
4827
7690
1732
7362
3897
5112
1463
4765
5827
3445
7109
3092
9458
4960
2254
5735
1599
501
8235
2725
6957
3501
8694
8345
1401
8309
6077
2758
9154
4607
8290
7653
645
2872
3685
7820
6053
2862
419
7777
4106
1348
2966
2221
8208
3009
9132
4645
7365
9916
5670
4231
5980
9144
2505
243
490
3148
4978
9401
6759
9738
5751
3834
7371
2828
9001
3460
323
3312
2025
1590
9188
4696
9929
3153
5299
3338
2671
8855
4703
5019
3273
5704
1806
7530
7820
7562
3897
5002
2393
4241
6957
4078
128
3732
1951
9166
7792
5313
1654
8623
4089
9924
1682
1488
1683
5331
6440
4129
6367
9462
6788
3906
9203
3513
64
7463
9932
8266
6865
2269
2051
6684
6489
6084
5471
8413
6550
936
5657
8817
6234
4455
4314
540
6580
5091
3232
6452
2219
3661
2742
8303
8304
1237
4450
3035
491
6141
5669
6995
1741
1716
6758
6097
1608
4511
9587
2663
5954
5518
6049
6691
3817
9113
4017
8032
3642
438
6716
4189
9528
5486
670
6978
9509
2487
5801
8706
7991
1388
9254
1702
6926
7112
1387
2598
8679
2347
2802
7563
8451
1675
1627
6069
7451
7603
9939
7130
1905
4843
5570
4818
9495
3575
8162
2349
4840
9624
2261
7550
3164
8275
4435
8856
1756
4814
2292
3582
3429
1228
964
4356
7455
5695
2903
3506
4174
8006
2524
2236
933
6446
5037
6277
3145
1786
8070
9308
3155
4176
2882
2370
4151
2165
6220
1658
535
9501
7016
7548
583
5322
8944
5635
3010
8999
1370
3688
2687
7287
1825
2706
5339
4286
7290
2724
2461
5943
3375
7019
7219
2979
5979
1036
4053
3886
7796
8328
4759
9961
3031
5269
7169
7148
3834
2524
5147
2854
9903
1355
4301
4593
6516
4740
936
9216
822
6030
3073
5399
9264
1250
7118
6620
3006
5551
535
3386
3699
4935
9360
8170
2882
8478
2095
7641
44
2423
6403
52
6685
7787
70
1458
2832
5567
5928
323
3930
7809
9517
290
4926
1297
4446
728
3953
8010
6781
5167
9262
6901
6388
8472
8577
4897
699
4044
7113
3581
7012
5941
179
3805
4498
1062
9306
9104
4985
2159
528
3119
7655
5614
9856
7161
2347
1354
7886
3131
910
2355
4073
9935
8012
4689
2446
8912
5695
7781
4073
5348
1046
1385
4467
492
4717
366
1247
505
9556
891
1580
7669
1498
4651
6198
1662
349
733
5099
1102
6973
2427
3431
6524
8552
7596
8071
3294
6476
8529
1675
1424
4542
5205
4714
1562
5628
787
1694
4803
4733
3164
5754
6479
325
6803
9361
8517
91
9274
1125
6714
7249
3028
9738
5092
1364
6520
391
6650
3076
6752
3072
4750
2942
4521
7561
3551
3333
5740
2454
3274
8783
5697
2624
6407
9884
6374
7170
5993
8018
1225
7020
6154
1316
6834
9695
8701
6236
3325
9046
3885
824
2801
5491
7043
5580
7382
5845
7219
2585
4075
8780
8118
6994
99
1678
3607
3050
2613
4946
9709
5911
4697
3249
8390
327
3679
5619
2636
6370
4062
6762
3439
4476
213
917
3456
3584
4905
1260
3074
5573
550
8522
9215
5286
9330
7198
1754
9385
4080
7642
6929
4526
9565
8750
9741
6550
2384
6225
9726
4992
2982
7130
9594
8745
6855
7661
4029
4460
568
9493
1161
4532
5708
4284
9638
4811
8639
9246
8075
4997
4750
6621
5099
4861
6008
4281
7205
8598
6931
729
2782
6089
1364
9918
4737
5014
5730
7995
6267
8290
1780
8098
3046
4130
5486
5380
5339
449
4976
724
4943
2825
8646
3378
4341
6584
7151
1598
7105
9241
7174
4975
7217
7952
7598
9004
953
4851
3438
2250
4575
4877
8423
8768
5134
9328
997
6167
7339
4738
3787
4303
3305
4136
5424
830
3188
4857
3159
8851
4116
3758
7058
6526
7281
3269
3129
4744
5164
8979
4862
1749
4040
1131
1678
6609
7928
55
6205
8836
9649
2310
2871
407
524
2257
5398
9923
8844
6411
7530
6064
6070
3108
4997
9566
8917
5459
294
9802
3410
6081
3605
3088
8590
2905
1407
8328
1886
4219
8328
2887
1129
1060
3170
992
9243
614
1292
5096
9053
240
2165
8244
5987
9686
8472
1053
2935
1824
7099
4667
3979
6665
9658
2395
8856
7650
3430
5464
8871
7309
7998
322
6709
5585
5996
8317
3665
4483
8912
6288
9421
514
2660
3217
9551
5864
1127
5255
6953
3319
1558
4283
8694
8891
3681
1120
5280
311
2000
3604
1386
6227
7124
9430
4861
1511
7938
1023
3733
2307
2998
1197
1034
5130
4595
2397
2331
2953
6795
2662
1111
5151
3830
3419
9937
3925
1468
2640
2321
6467
3209
3153
6592
4743
260
2734
8244
9523
8441
1050
354
8779
6359
3311
4035
5816
1303
167
5295
4255
7531
1295
2370
3709
7540
1284
3889
8078
4625
7016
2826
3349
4843
3627
8654
8763
714
6922
4422
9942
9930
8718
5700
8007
983
5313
9338
9637
4589
5182
9060
5897
5490
8465
8987
68
4624
1952
8202
8414
5960
5121
7982
9230
1057
9330
6743
6872
4154
6076
1267
1279
9942
7579
3605
5850
1409
1712
6627
9834
2108
7228
759
4284
1957
6974
8188
3700
7785
3269
5343
455
1427
9758
6506
221
5350
4223
1261
842
332
4927
7356
1806
3121
7011
2470
403
3401
4621
6984
9870
3927
7860
5246
1286
362
987
4641
9829
1601
5436
1292
28
3144
720
1914
5014
2919
3045
4890
1685
4574
3828
8143
2573
1490
9023
8493
625
4808
733
4477
956
2276
7573
2526
6478
469
8712
3903
9580
3857
5542
1981
5271
9313
48
8755
1120
9123
2248
3710
7535
7502
1876
8442
6623
4799
898
2702
5277
3128
9894
3612
4259
9440
198
5095
2125
2513
5977
1219
420
1960
7434
8680
8593
4238
2483
9407
3827
5382
3038
8273
8959
1048
2433
1573
5533
9582
7847
2869
9827
3855
7279
294
6334
2729
3510
5625
2967
6990
442
1817
3834
333
6845
7886
9050
150
1603
7052
9510
309
6444
5835
5682
7313
3003
3723
6065
6570
9677
7739
8274
1711
9762
4731
5120
9199
9888
539
4645
953
5188
7519
5751
7848
6281
5280
4565
617
2324
5196
1052
8684
393
2366
2213
6707
7782
7165
6735
5516
9228
8757
8038
7684
8505
4813
4787
2295
1095
7728
7226
5398
5862
308
5365
2999
7915
7277
6113
1223
5885
8648
9090
2519
7542
6266
565
9456
9412
5540
1259
4189
8570
7361
97
9510
7895
9321
1279
5954
8275
1494
3307
2952
604
9303
8162
3854
128
1910
9618
2932
1479
5779
6142
5205
4810
788
3191
4507
9942
2799
1563
3630
6439
4512
610
3323
2381
6335
9035
5417
8927
8507
4854
2798
4387
6626
4532
2898
9835
9359
9549
4518
1009
3758
3642
4603
8284
746
9689
7824
7544
5335
1351
2988
347
9949
4118
5752
8799
4979
92
7960
3014
4602
2670
372
164
6030
5527
9457
5916
5666
6350
8430
3419
7599
4341
2299
3087
9292
9733
2199
6134
2286
1571
4863
7931
8235
1948
4798
8937
2557
5889
8166
2054
2123
2117
902
6523
2582
9660
3051
2016
8757
3152
6728
8407
8870
7435
8982
1438
5728
4891
975
3603
1760
7097
5734
4167
9325
1855
5646
9533
8671
6970
7835
7044
1285
4369
6434
6208
4426
493
4916
1089
6083
7726
7350
1522
6488
5762
1640
7825
2206
3279
9915
452
4656
6916
2725
4984
6622
148
7469
8125
9862
2543
6430
4721
3508
7849
4217
5854
675
2673
276
2815
675
4595
7875
8103
6697
6261
1379
2509
9972
5870
6568
7457
4437
8373
8622
9061
3375
8679
9407
59
8591
2853
461
7290
582
1418
3708
7850
9779
1987
5174
5556
3511
3023
1495
1132
1695
5815
161
9248
6739
5250
9897
9781
6343
692
6582
7353
9364
1270
9898
1645
5417
7207
3582
1730
3151
1326
2331
875
9894
9090
8720
6777
3131
6269
8621
652
4112
5343
763
2701
2408
9549
4345
5867
9848
8737
7082
1429
3985
3026
6237
8604
5171
3952
1656
1189
6098
2568
7683
8971
2270
7962
9404
2327
4744
8481
7870
6976
6662
2649
5536
7149
5672
1739
2009
8205
2052
4471
3982
2333
906
4112
9699
1515
1264
2025
910
6536
3103
8306
3975
5149
4307
7650
4434
1823
7827
1780
9897
6568
7932
1186
7270
6763
1151
5990
7101
3660
6884
4643
4917
4212
1521
299
6901
9936
7995
5018
7550
4291
3810
1767
4270
6762
9701
7041
1375
4623
8184
9187
119
1098
6671
6788
2711
9405
4093
4785
3991
9716
8331
8610
5513
2098
4673
1331
2566
146
8396
1488
9453
4779
1466
2035
886
6351
5147
8083
7451
9755
3775
3997
6072
9913
8733
2149
831
854
356
5558
5494
6318
4164
590
122
3349
8941
9572
6016
4305
7307
2523
656
8729
8702
5555
9859
700
2258
3585
5114
8365
6893
8565
9317
4190
4688
4112
8604
3714
908
7474
2489
112
571
7942
6372
1025
3537
401
3987
9704
94
468
6573
333
2897
6411
9928
2365
6809
934
7273
9254
7138
5360
2484
3573
7953
1667
2005
763
2274
637
1298
5657
6705
2845
6093
2202
9981
909
9082
5019
471
7506
5562
2104
5366
4058
4556
1273
8367
5883
7096
5823
268
84
4717
4457
8254
2465
9098
4408
6995
2717
1522
4253
3567
2087
860
3848
5650
3771
3770
3001
3863
5855
1267
5172
2740
918
9126
1472
5500
5179
4107
3793
8133
6210
6634
5812
5557
3986
9628
2200
2016
4540
3808
5539
4513
7700
310
9099
3829
3270
5001
745
1259
4010
1759
7172
3980
1942
1272
3764
69
2376
8117
2654
6925
7686
7306
2026
3328
2975
3945
3897
8423
550
1993
563
6459
6056
9473
8862
6340
6501
3179
7381
7033
7073
236
7156
5581
6208
224
7784
7068
5053
497
3519
6749
6239
185
1480
8559
7279
3227
1207
905
1135
4218
8325
6883
8348
7243
1031
9802
2657
9668
1539
320
639
9474
3894
6362
6017
9443
8749
5551
9858
5467
5243
5503
9968
8813
1658
491
9172
9630
1661
2493
1826
264
890
2560
4083
9393
5023
1903
2826
4176
122
8173
4988
5570
9391
2790
599
8316
6046
6040
6723
6683
2156
24
233
8653
6533
4023
5127
3933
3686
5689
9485
1619
5211
8671
8674
5474
3096
4369
8336
3643
7223
4672
4746
77
2524
2226
8192
1788
9992
4690
3894
3110
1424
3748
1016
4833
2407
7638
8778
2570
7446
1384
7614
2011
8507
4768
3065
4443
3310
8951
3013
557
7426
3541
4434
3843
4174
9520
4753
8100
6450
6189
5719
1012
7689
1669
1527
5761
3776
7671
8951
5835
1842
8838
9931
1135
6391
7716
3311
7884
1077
8278
7606
8518
1877
7777
1923
8473
2146
5704
2135
5513
224
5031
8584
5640
815
6426
2462
9221
7030
6263
9730
7600
6097
2338
2451
8990
1720
7795
5459
3019
9152
5246
6850
3423
708
7229
9300
2923
9033
8155
1087
9847
6609
2617
5383
4914
4479
7085
766
5155
719
1091
6490
5334
4144
2267
5419
5699
5086
7272
5929
2400
3651
8240
5202
9446
